time[us]	ref_X[V]	ref_Y[V]	sig_I[V]
1332729107	2.8465	1.4676	2.8374
1332729307	2.9066	1.5780	2.9051
1332729507	2.9522	1.6946	2.9422
1332729707	2.9830	1.8165	2.9760
1332729907	2.9983	1.9412	2.9640
1332730107	2.9978	2.0669	2.9841
1332730307	2.9815	2.1916	2.9720
1332730507	2.9497	2.3132	2.9470
1332730707	2.9029	2.4299	2.8955
1332730907	2.8421	2.5393	2.8334
1332731107	2.7678	2.6407	2.7657
1332731307	2.6813	2.7320	2.6698
1332731507	2.5841	2.8117	2.5707
1332731707	2.4781	2.8783	2.4635
1332731907	2.3642	2.9313	2.3628
1332732107	2.2445	2.9697	2.2371
1332732307	2.1209	2.9927	2.1146
1332732507	1.9959	3.0000	1.9929
1332732707	1.8705	2.9916	1.8623
1332732907	1.7471	2.9675	1.7423
1332733107	1.6277	2.9281	1.6182
1332733307	1.5147	2.8743	1.5094
1332733507	1.4088	2.8065	1.4046
1332733707	1.3123	2.7260	1.3144
1332733907	1.2267	2.6340	1.2177
1332734107	1.1535	2.5324	1.1451
1332734307	1.0934	2.4220	1.0879
1332734507	1.0476	2.3049	1.0379
1332734707	1.0170	2.1835	1.0089
1332734907	1.0017	2.0588	0.9952
1332735107	1.0022	1.9331	1.0017
1332735307	1.0185	1.8084	1.0146
1332735507	1.0502	1.6873	1.0452
1332735707	1.0969	1.5706	1.0895
1332735907	1.1579	1.4607	1.1492
1332736107	1.2322	1.3593	1.2297
1332736307	1.3183	1.2684	1.3160
1332736507	1.4154	1.1886	1.4038
1332736707	1.5219	1.1217	1.5158
1332736907	1.6358	1.0687	1.5916
1332737107	1.7550	1.0305	1.7334
1332737307	1.8786	1.0074	1.8728
1332737507	2.0041	1.0000	2.0001
1332737707	2.1295	1.0084	2.1242
1332737907	2.2524	1.0324	2.2427
1332738107	2.3718	1.0717	2.3571
1332738307	2.4853	1.1257	2.4643
1332738507	2.5912	1.1935	2.5844
1332738707	2.6873	1.2736	2.6755
1332738907	2.7730	1.3656	2.7689
1332739107	2.8465	1.4676	2.8407
1332739307	2.9066	1.5780	2.8890
1332739507	2.9522	1.6946	2.9422
1332739707	2.9830	1.8165	2.9688
1332739907	2.9983	1.9412	2.9881
1332740107	2.9978	2.0669	2.9930
1332740307	2.9815	2.1916	2.9752
1332740507	2.9497	2.3132	2.9188
1332740707	2.9029	2.4299	2.8914
1332740907	2.8421	2.5393	2.8278
1332741107	2.7678	2.6407	2.7649
1332741307	2.6813	2.7320	2.6771
1332741507	2.5841	2.8117	2.5771
1332741707	2.4781	2.8783	2.4692
1332741907	2.3642	2.9313	2.3209
1332742107	2.2445	2.9697	2.2363
1332742307	2.1209	2.9927	2.1081
1332742507	1.9959	3.0000	1.9953
1332742707	1.8705	2.9916	1.8599
1332742907	1.7471	2.9675	1.7415
1332743107	1.6277	2.9281	1.6270
1332743307	1.5147	2.8743	1.5142
1332743507	1.4088	2.8065	1.4030
1332743707	1.3123	2.7260	1.3031
1332743907	1.2267	2.6340	1.2185
1332744107	1.1535	2.5324	1.1467
1332744307	1.0934	2.4220	1.0936
1332744507	1.0476	2.3049	1.0428
1332744707	1.0170	2.1835	1.0122
1332744907	1.0017	2.0588	1.0001
1332745107	1.0022	1.9331	0.9993
1332745307	1.0185	1.8084	1.0146
1332745507	1.0502	1.6873	1.0428
1332745707	1.0969	1.5706	1.0637
1332745907	1.1579	1.4607	1.1516
1332746107	1.2322	1.3593	1.2322
1332746307	1.3183	1.2684	1.3144
1332746507	1.4154	1.1886	1.4127
1332746707	1.5219	1.1217	1.5158
1332746907	1.6358	1.0687	1.6319
1332747107	1.7550	1.0305	1.7463
1332747307	1.8786	1.0074	1.8736
1332747507	2.0041	1.0000	2.0010
1332747707	2.1295	1.0084	2.1210
1332747907	2.2524	1.0324	2.2338
1332748107	2.3718	1.0717	2.3636
1332748307	2.4853	1.1257	2.4861
1332748507	2.5912	1.1935	2.5812
1332748707	2.6873	1.2736	2.6924
1332748907	2.7730	1.3656	2.7722
1332749107	2.8465	1.4676	2.8350
1332749307	2.9066	1.5780	2.9011
1332749507	2.9522	1.6946	2.9398
1332749707	2.9830	1.8165	2.9833
1332749907	2.9983	1.9412	2.9914
1332750107	2.9978	2.0669	2.9849
1332750307	2.9815	2.1916	2.9720
1332750507	2.9497	2.3132	2.9374
1332750707	2.9029	2.4299	2.8971
1332750907	2.8421	2.5393	2.8350
1332751107	2.7678	2.6407	2.7601
1332751307	2.6813	2.7320	2.6658
1332751507	2.5841	2.8117	2.5763
1332751707	2.4781	2.8783	2.4635
1332751907	2.3642	2.9313	2.3668
1332752107	2.2445	2.9697	2.2459
1332752307	2.1209	2.9927	2.1114
1332752507	1.9959	3.0000	1.9873
1332752707	1.8705	2.9916	1.8607
1332752907	1.7471	2.9675	1.7431
1332753107	1.6277	2.9281	1.6222
1332753307	1.5147	2.8743	1.5142
1332753507	1.4088	2.8065	1.3998
1332753707	1.3123	2.7260	1.3103
1332753907	1.2267	2.6340	1.2193
1332754107	1.1535	2.5324	1.1492
1332754307	1.0934	2.4220	1.0879
1332754507	1.0476	2.3049	1.0460
1332754707	1.0170	2.1835	1.0097
1332754907	1.0017	2.0588	0.9960
1332755107	1.0022	1.9331	0.9968
1332755307	1.0185	1.8084	1.0138
1332755507	1.0502	1.6873	1.0500
1332755707	1.0969	1.5706	1.0936
1332755907	1.1579	1.4607	1.1564
1332756107	1.2322	1.3593	1.2257
1332756307	1.3183	1.2684	1.3095
1332756507	1.4154	1.1886	1.4127
1332756707	1.5219	1.1217	1.4957
1332756907	1.6358	1.0687	1.6037
1332757107	1.7550	1.0305	1.7479
1332757307	1.8786	1.0074	1.8752
1332757507	2.0041	1.0000	1.9929
1332757707	2.1295	1.0084	2.1202
1332757907	2.2524	1.0324	2.2419
1332758107	2.3718	1.0717	2.3563
1332758307	2.4853	1.1257	2.4748
1332758507	2.5912	1.1935	2.5812
1332758707	2.6873	1.2736	2.6835
1332758907	2.7730	1.3656	2.7657
1332759107	2.8465	1.4676	2.8366
1332759307	2.9066	1.5780	2.8906
1332759507	2.9522	1.6946	2.9406
1332759707	2.9830	1.8165	2.9777
1332759907	2.9983	1.9412	2.9833
1332760107	2.9978	2.0669	2.9905
1332760307	2.9815	2.1916	2.9744
1332760507	2.9497	2.3132	2.9374
1332760707	2.9029	2.4299	2.8914
1332760907	2.8421	2.5393	2.8350
1332761107	2.7678	2.6407	2.7560
1332761307	2.6813	2.7320	2.6771
1332761507	2.5841	2.8117	2.5812
1332761707	2.4781	2.8783	2.4700
1332761907	2.3642	2.9313	2.3588
1332762107	2.2445	2.9697	2.2371
1332762307	2.1209	2.9927	2.1122
1332762507	1.9959	3.0000	1.9897
1332762707	1.8705	2.9916	1.8382
1332762907	1.7471	2.9675	1.7463
1332763107	1.6277	2.9281	1.6166
1332763307	1.5147	2.8743	1.5102
1332763507	1.4088	2.8065	1.4086
1332763707	1.3123	2.7260	1.3095
1332763907	1.2267	2.6340	1.2193
1332764107	1.1535	2.5324	1.1516
1332764307	1.0934	2.4220	1.0903
1332764507	1.0476	2.3049	1.0468
1332764707	1.0170	2.1835	1.0122
1332764907	1.0017	2.0588	0.9960
1332765107	1.0022	1.9331	0.9960
1332765307	1.0185	1.8084	1.0105
1332765507	1.0502	1.6873	1.0420
1332765707	1.0969	1.5706	1.0903
1332765907	1.1579	1.4607	1.1524
1332766107	1.2322	1.3593	1.2273
1332766307	1.3183	1.2684	1.3136
1332766507	1.4154	1.1886	1.4111
1332766707	1.5219	1.1217	1.5190
1332766907	1.6358	1.0687	1.6335
1332767107	1.7550	1.0305	1.7487
1332767307	1.8786	1.0074	1.8712
1332767507	2.0041	1.0000	1.9985
1332767707	2.1295	1.0084	2.1259
1332767907	2.2524	1.0324	2.2451
1332768107	2.3718	1.0717	2.3660
1332768307	2.4853	1.1257	2.4716
1332768507	2.5912	1.1935	2.5788
1332768707	2.6873	1.2736	2.6730
1332768907	2.7730	1.3656	2.7689
1332769107	2.8465	1.4676	2.8399
1332769307	2.9066	1.5780	2.8793
1332769507	2.9522	1.6946	2.9462
1332769707	2.9830	1.8165	2.9793
1332769907	2.9983	1.9412	2.9889
1332770107	2.9978	2.0669	2.9930
1332770307	2.9815	2.1916	2.9752
1332770507	2.9497	2.3132	2.9446
1332770707	2.9029	2.4299	2.8955
1332770907	2.8421	2.5393	2.8374
1332771107	2.7678	2.6407	2.7552
1332771307	2.6813	2.7320	2.6690
1332771507	2.5841	2.8117	2.5715
1332771707	2.4781	2.8783	2.4724
1332771907	2.3642	2.9313	2.3523
1332772107	2.2445	2.9697	2.2427
1332772307	2.1209	2.9927	2.1089
1332772507	1.9959	3.0000	1.9897
1332772707	1.8705	2.9916	1.8623
1332772907	1.7471	2.9675	1.7439
1332773107	1.6277	2.9281	1.6214
1332773307	1.5147	2.8743	1.5102
1332773507	1.4088	2.8065	1.4070
1332773707	1.3123	2.7260	1.3071
1332773907	1.2267	2.6340	1.2185
1332774107	1.1535	2.5324	1.1556
1332774307	1.0934	2.4220	1.0879
1332774507	1.0476	2.3049	1.0468
1332774707	1.0170	2.1835	1.0089
1332774907	1.0017	2.0588	0.9993
1332775107	1.0022	1.9331	0.9968
1332775307	1.0185	1.8084	1.0105
1332775507	1.0502	1.6873	1.0500
1332775707	1.0969	1.5706	1.0879
1332775907	1.1579	1.4607	1.1548
1332776107	1.2322	1.3593	1.2289
1332776307	1.3183	1.2684	1.3144
1332776507	1.4154	1.1886	1.4062
1332776707	1.5219	1.1217	1.5150
1332776907	1.6358	1.0687	1.6303
1332777107	1.7550	1.0305	1.7463
1332777307	1.8786	1.0074	1.8583
1332777507	2.0041	1.0000	2.0001
1332777707	2.1295	1.0084	2.1259
1332777907	2.2524	1.0324	2.2419
1332778107	2.3718	1.0717	2.3620
1332778307	2.4853	1.1257	2.4772
1332778507	2.5912	1.1935	2.5852
1332778707	2.6873	1.2736	2.6714
1332778907	2.7730	1.3656	2.7657
1332779107	2.8465	1.4676	2.8342
1332779307	2.9066	1.5780	2.9019
1332779507	2.9522	1.6946	2.9438
1332779707	2.9830	1.8165	2.9801
1332779907	2.9983	1.9412	2.9817
1332780107	2.9978	2.0669	2.9857
1332780307	2.9815	2.1916	2.9777
1332780507	2.9497	2.3132	2.9406
1332780707	2.9029	2.4299	2.8938
1332780907	2.8421	2.5393	2.8270
1332781107	2.7678	2.6407	2.7633
1332781307	2.6813	2.7320	2.6779
1332781507	2.5841	2.8117	2.5755
1332781707	2.4781	2.8783	2.4627
1332781907	2.3642	2.9313	2.3523
1332782107	2.2445	2.9697	2.2338
1332782307	2.1209	2.9927	2.1226
1332782507	1.9959	3.0000	1.9953
1332782707	1.8705	2.9916	1.8640
1332782907	1.7471	2.9675	1.7141
1332783107	1.6277	2.9281	1.6278
1332783307	1.5147	2.8743	1.5102
1332783507	1.4088	2.8065	1.4086
1332783707	1.3123	2.7260	1.3039
1332783907	1.2267	2.6340	1.1943
1332784107	1.1535	2.5324	1.1492
1332784307	1.0934	2.4220	1.0919
1332784507	1.0476	2.3049	1.0468
1332784707	1.0170	2.1835	1.0097
1332784907	1.0017	2.0588	0.9662
1332785107	1.0022	1.9331	0.9993
1332785307	1.0185	1.8084	1.0017
1332785507	1.0502	1.6873	1.0299
1332785707	1.0969	1.5706	1.0936
1332785907	1.1579	1.4607	1.1500
1332786107	1.2322	1.3593	1.2193
1332786307	1.3183	1.2684	1.3127
1332786507	1.4154	1.1886	1.4111
1332786707	1.5219	1.1217	1.5182
1332786907	1.6358	1.0687	1.6270
1332787107	1.7550	1.0305	1.7495
1332787307	1.8786	1.0074	1.8744
1332787507	2.0041	1.0000	1.9977
1332787707	2.1295	1.0084	2.1210
1332787907	2.2524	1.0324	2.2475
1332788107	2.3718	1.0717	2.3596
1332788307	2.4853	1.1257	2.4788
1332788507	2.5912	1.1935	2.5844
1332788707	2.6873	1.2736	2.6803
1332788907	2.7730	1.3656	2.7705
1332789107	2.8465	1.4676	2.8334
1332789307	2.9066	1.5780	2.8568
1332789507	2.9522	1.6946	2.9478
1332789707	2.9830	1.8165	2.9768
1332789907	2.9983	1.9412	2.9905
1332790107	2.9978	2.0669	2.9841
1332790307	2.9815	2.1916	2.9752
1332790507	2.9497	2.3132	2.9374
1332790707	2.9029	2.4299	2.8914
1332790907	2.8421	2.5393	2.8262
1332791107	2.7678	2.6407	2.7673
1332791307	2.6813	2.7320	2.6747
1332791507	2.5841	2.8117	2.5796
1332791707	2.4781	2.8783	2.4708
1332791907	2.3642	2.9313	2.3628
1332792107	2.2445	2.9697	2.2435
1332792307	2.1209	2.9927	2.1162
1332792507	1.9959	3.0000	1.9856
1332792707	1.8705	2.9916	1.8615
1332792907	1.7471	2.9675	1.7439
1332793107	1.6277	2.9281	1.6166
1332793307	1.5147	2.8743	1.5070
1332793507	1.4088	2.8065	1.4006
1332793707	1.3123	2.7260	1.2878
1332793907	1.2267	2.6340	1.2201
1332794107	1.1535	2.5324	1.1459
1332794307	1.0934	2.4220	1.0944
1332794507	1.0476	2.3049	1.0404
1332794707	1.0170	2.1835	1.0146
1332794907	1.0017	2.0588	0.9993
1332795107	1.0022	1.9331	0.9960
1332795307	1.0185	1.8084	1.0122
1332795507	1.0502	1.6873	1.0436
1332795707	1.0969	1.5706	1.0944
1332795907	1.1579	1.4607	1.1548
1332796107	1.2322	1.3593	1.2314
1332796307	1.3183	1.2684	1.3160
1332796507	1.4154	1.1886	1.4111
1332796707	1.5219	1.1217	1.5215
1332796907	1.6358	1.0687	1.6295
1332797107	1.7550	1.0305	1.7479
1332797307	1.8786	1.0074	1.8664
1332797507	2.0041	1.0000	2.0018
1332797707	2.1295	1.0084	2.1259
1332797907	2.2524	1.0324	2.2314
1332798107	2.3718	1.0717	2.3660
1332798307	2.4853	1.1257	2.4708
1332798507	2.5912	1.1935	2.5804
1332798707	2.6873	1.2736	2.6763
1332798907	2.7730	1.3656	2.7641
1332799107	2.8465	1.4676	2.8326
1332799307	2.9066	1.5780	2.8979
1332799507	2.9522	1.6946	2.9406
1332799707	2.9830	1.8165	2.9768
1332799907	2.9983	1.9412	2.9841
1332800107	2.9978	2.0669	2.9922
1332800307	2.9815	2.1916	2.9366
1332800507	2.9497	2.3132	2.9349
1332800707	2.9029	2.4299	2.9003
1332800907	2.8421	2.5393	2.8270
1332801107	2.7678	2.6407	2.7464
1332801307	2.6813	2.7320	2.6585
1332801507	2.5841	2.8117	2.5747
1332801707	2.4781	2.8783	2.4692
1332801907	2.3642	2.9313	2.3499
1332802107	2.2445	2.9697	2.2427
1332802307	2.1209	2.9927	2.1146
1332802507	1.9959	3.0000	1.9913
1332802707	1.8705	2.9916	1.8672
1332802907	1.7471	2.9675	1.7382
1332803107	1.6277	2.9281	1.6214
1332803307	1.5147	2.8743	1.5094
1332803507	1.4088	2.8065	1.4062
1332803707	1.3123	2.7260	1.3055
1332803907	1.2267	2.6340	1.1919
1332804107	1.1535	2.5324	1.1524
1332804307	1.0934	2.4220	1.0855
1332804507	1.0476	2.3049	1.0436
1332804707	1.0170	2.1835	1.0130
1332804907	1.0017	2.0588	0.9968
1332805107	1.0022	1.9331	0.9960
1332805307	1.0185	1.8084	1.0162
1332805507	1.0502	1.6873	1.0500
1332805707	1.0969	1.5706	1.0903
1332805907	1.1579	1.4607	1.1580
1332806107	1.2322	1.3593	1.2281
1332806307	1.3183	1.2684	1.3152
1332806507	1.4154	1.1886	1.4135
1332806707	1.5219	1.1217	1.5182
1332806907	1.6358	1.0687	1.6262
1332807107	1.7550	1.0305	1.7423
1332807307	1.8786	1.0074	1.8736
1332807507	2.0041	1.0000	1.9945
1332807707	2.1295	1.0084	2.1283
1332807907	2.2524	1.0324	2.2556
1332808107	2.3718	1.0717	2.3579
1332808307	2.4853	1.1257	2.4764
1332808507	2.5912	1.1935	2.5739
1332808707	2.6873	1.2736	2.6763
1332808907	2.7730	1.3656	2.7689
1335570507	2.9497	2.3132	2.9462
1335570707	2.9029	2.4299	2.8930
1335570907	2.8421	2.5393	2.8366
1335571107	2.7678	2.6407	2.7649
1335571307	2.6813	2.7320	2.6714
1335571507	2.5841	2.8117	2.5747
1335571707	2.4781	2.8783	2.4619
1335571907	2.3642	2.9313	2.3539
1335572107	2.2445	2.9697	2.2395
1335572307	2.1209	2.9927	2.1097
1335572507	1.9959	3.0000	1.9921
1335572707	1.8705	2.9916	1.8607
1335572907	1.7471	2.9675	1.7390
1335573107	1.6277	2.9281	1.6198
1335573307	1.5147	2.8743	1.5094
1335573507	1.4088	2.8065	1.4054
1335573707	1.3123	2.7260	1.3087
1335573907	1.2267	2.6340	1.2168
1335574107	1.1535	2.5324	1.1508
1335574307	1.0934	2.4220	1.0879
1335574507	1.0476	2.3049	1.0436
1335574707	1.0170	2.1835	1.0105
1335574907	1.0017	2.0588	0.9985
1335575107	1.0022	1.9331	1.0073
1335575307	1.0185	1.8084	1.0138
1335575507	1.0502	1.6873	1.0452
1335575707	1.0969	1.5706	1.0895
1335575907	1.1579	1.4607	1.1564
1335576107	1.2322	1.3593	1.2257
1335576307	1.3183	1.2684	1.3103
1335576507	1.4154	1.1886	1.4119
1335576707	1.5219	1.1217	1.5190
1335576907	1.6358	1.0687	1.6270
1335577107	1.7550	1.0305	1.7487
1335577307	1.8786	1.0074	1.8648
1335577507	2.0041	1.0000	1.9921
1335577707	2.1295	1.0084	2.1267
1335577907	2.2524	1.0324	2.2395
1335578107	2.3718	1.0717	2.3700
1335578307	2.4853	1.1257	2.4821
1335578507	2.5912	1.1935	2.5812
1335578707	2.6873	1.2736	2.6779
1335578907	2.7730	1.3656	2.7697
1335579107	2.8465	1.4676	2.8382
1335579307	2.9066	1.5780	2.8987
1335579507	2.9522	1.6946	2.9333
1335579707	2.9830	1.8165	2.9809
1335579907	2.9983	1.9412	2.9930
1335580107	2.9978	2.0669	2.9833
1335580307	2.9815	2.1916	2.9672
1335580507	2.9497	2.3132	2.9366
1335580707	2.9029	2.4299	2.8930
1335580907	2.8421	2.5393	2.8294
1335581107	2.7678	2.6407	2.7633
1335581307	2.6813	2.7320	2.6714
1335581507	2.5841	2.8117	2.5755
1335581707	2.4781	2.8783	2.4482
1335581907	2.3642	2.9313	2.3620
1335582107	2.2445	2.9697	2.2411
1335582307	2.1209	2.9927	2.1146
1335582507	1.9959	3.0000	1.9905
1335582707	1.8705	2.9916	1.8543
1335582907	1.7471	2.9675	1.7382
1335583107	1.6277	2.9281	1.6238
1335583307	1.5147	2.8743	1.5086
1335583507	1.4088	2.8065	1.4022
1335583707	1.3123	2.7260	1.3087
1335583907	1.2267	2.6340	1.2193
1335584107	1.1535	2.5324	1.1363
1335584307	1.0934	2.4220	1.0855
1335584507	1.0476	2.3049	1.0251
1335584707	1.0170	2.1835	1.0097
1335584907	1.0017	2.0588	0.9993
1335585107	1.0022	1.9331	0.9977
1335585307	1.0185	1.8084	1.0114
1335585507	1.0502	1.6873	1.0460
1335585707	1.0969	1.5706	1.0887
1335585907	1.1579	1.4607	1.1371
1335586107	1.2322	1.3593	1.2249
1335586307	1.3183	1.2684	1.3095
1335586507	1.4154	1.1886	1.4078
1335586707	1.5219	1.1217	1.5190
1335586907	1.6358	1.0687	1.6343
1335587107	1.7550	1.0305	1.7495
1335587307	1.8786	1.0074	1.8680
1335587507	2.0041	1.0000	1.9961
1335587707	2.1295	1.0084	2.1259
1335587907	2.2524	1.0324	2.2395
1335588107	2.3718	1.0717	2.3692
1335588307	2.4853	1.1257	2.4732
1335588507	2.5912	1.1935	2.5796
1335588707	2.6873	1.2736	2.6811
1335588907	2.7730	1.3656	2.7633
1335589107	2.8465	1.4676	2.8374
1335589307	2.9066	1.5780	2.8850
1335589507	2.9522	1.6946	2.9454
1335589707	2.9830	1.8165	2.9406
1335589907	2.9983	1.9412	2.9938
1335590107	2.9978	2.0669	2.9946
1335590307	2.9815	2.1916	2.9760
1335590507	2.9497	2.3132	2.9438
1335590707	2.9029	2.4299	2.8938
1335590907	2.8421	2.5393	2.8399
1335591107	2.7678	2.6407	2.7577
1335591307	2.6813	2.7320	2.6698
1335591507	2.5841	2.8117	2.5642
1335591707	2.4781	2.8783	2.4708
1335591907	2.3642	2.9313	2.3515
1335592107	2.2445	2.9697	2.2363
1335592307	2.1209	2.9927	2.1057
1335592507	1.9959	3.0000	1.9873
1335592707	1.8705	2.9916	1.8648
1335592907	1.7471	2.9675	1.7439
1335593107	1.6277	2.9281	1.6190
1335593307	1.5147	2.8743	1.5150
1335593507	1.4088	2.8065	1.4070
1335593707	1.3123	2.7260	1.3095
1335593907	1.2267	2.6340	1.2217
1335594107	1.1535	2.5324	1.1459
1335594307	1.0934	2.4220	1.0879
1335594507	1.0476	2.3049	1.0420
1335594707	1.0170	2.1835	1.0081
1335594907	1.0017	2.0588	0.9977
1335595107	1.0022	1.9331	0.9968
1335595307	1.0185	1.8084	1.0138
1335595507	1.0502	1.6873	1.0242
1335595707	1.0969	1.5706	1.0903
1335595907	1.1579	1.4607	1.1540
1335596107	1.2322	1.3593	1.2265
1335596307	1.3183	1.2684	1.3208
1335596507	1.4154	1.1886	1.4143
1335596707	1.5219	1.1217	1.5199
1335596907	1.6358	1.0687	1.6278
1335597107	1.7550	1.0305	1.7487
1335597307	1.8786	1.0074	1.8704
1335597507	2.0041	1.0000	1.9929
1335597707	2.1295	1.0084	2.1170
1335597907	2.2524	1.0324	2.2395
1335598107	2.3718	1.0717	2.3281
1335598307	2.4853	1.1257	2.4708
1335598507	2.5912	1.1935	2.5868
1335598707	2.6873	1.2736	2.6827
1335598907	2.7730	1.3656	2.7617
1335599107	2.8465	1.4676	2.8334
1335599307	2.9066	1.5780	2.9019
1335599507	2.9522	1.6946	2.9446
1335599707	2.9830	1.8165	2.9785
1335599907	2.9983	1.9412	2.9905
1335600107	2.9978	2.0669	2.9809
1335600307	2.9815	2.1916	2.9648
1335600507	2.9497	2.3132	2.9374
1335600707	2.9029	2.4299	2.8971
1335600907	2.8421	2.5393	2.8326
1335601107	2.7678	2.6407	2.7585
1335601307	2.6813	2.7320	2.6682
1335601507	2.5841	2.8117	2.5707
1335601707	2.4781	2.8783	2.4724
1335601907	2.3642	2.9313	2.3523
1335602107	2.2445	2.9697	2.2387
1335602307	2.1209	2.9927	2.1210
1335602507	1.9959	3.0000	1.9856
1335602707	1.8705	2.9916	1.8446
1335602907	1.7471	2.9675	1.7366
1335603107	1.6277	2.9281	1.6206
1335603307	1.5147	2.8743	1.5102
1335603507	1.4088	2.8065	1.4022
1335603707	1.3123	2.7260	1.3087
1335603907	1.2267	2.6340	1.2201
1335604107	1.1535	2.5324	1.1532
1335604307	1.0934	2.4220	1.0895
1335604507	1.0476	2.3049	1.0460
1335604707	1.0170	2.1835	1.0089
1335604907	1.0017	2.0588	0.9968
1335605107	1.0022	1.9331	1.0009
1335605307	1.0185	1.8084	1.0154
1335605507	1.0502	1.6873	1.0484
1335605707	1.0969	1.5706	1.0927
1335605907	1.1579	1.4607	1.1524
1335606107	1.2322	1.3593	1.2217
1335606307	1.3183	1.2684	1.3144
1335606507	1.4154	1.1886	1.4046
1335606707	1.5219	1.1217	1.5207
1335606907	1.6358	1.0687	1.6303
1335607107	1.7550	1.0305	1.7294
1335607307	1.8786	1.0074	1.8656
1335607507	2.0041	1.0000	1.9953
1335607707	2.1295	1.0084	2.0912
1335607907	2.2524	1.0324	2.2475
1335608107	2.3718	1.0717	2.3588
1335608307	2.4853	1.1257	2.4764
1335608507	2.5912	1.1935	2.5852
1335608707	2.6873	1.2736	2.6747
1335608907	2.7730	1.3656	2.7714
1335609107	2.8465	1.4676	2.8447
1335609307	2.9066	1.5780	2.8938
1335609507	2.9522	1.6946	2.9495
1335609707	2.9830	1.8165	2.9785
1335609907	2.9983	1.9412	2.9914
1335610107	2.9978	2.0669	2.9930
1335610307	2.9815	2.1916	2.9615
1335610507	2.9497	2.3132	2.9446
1335610707	2.9029	2.4299	2.8898
1335610907	2.8421	2.5393	2.8342
1335611107	2.7678	2.6407	2.7673
1335611307	2.6813	2.7320	2.6738
1335611507	2.5841	2.8117	2.5828
1335611707	2.4781	2.8783	2.4748
1335611907	2.3642	2.9313	2.3596
1335612107	2.2445	2.9697	2.2411
1335612307	2.1209	2.9927	2.1105
1335612507	1.9959	3.0000	1.9953
1335612707	1.8705	2.9916	1.8607
1335612907	1.7471	2.9675	1.7447
1335613107	1.6277	2.9281	1.6206
1335613307	1.5147	2.8743	1.5094
1335613507	1.4088	2.8065	1.4046
1335613707	1.3123	2.7260	1.3087
1335613907	1.2267	2.6340	1.1903
1335614107	1.1535	2.5324	1.1492
1335614307	1.0934	2.4220	1.0895
1335614507	1.0476	2.3049	1.0460
1335614707	1.0170	2.1835	1.0138
1335614907	1.0017	2.0588	0.9880
1335615107	1.0022	1.9331	0.9944
1335615307	1.0185	1.8084	1.0114
1335615507	1.0502	1.6873	1.0492
1335615707	1.0969	1.5706	1.0968
1335615907	1.1579	1.4607	1.1500
1335616107	1.2322	1.3593	1.2281
1335616307	1.3183	1.2684	1.3119
1335616507	1.4154	1.1886	1.4111
1335616707	1.5219	1.1217	1.5223
1335616907	1.6358	1.0687	1.6311
1335617107	1.7550	1.0305	1.7415
1335617307	1.8786	1.0074	1.8752
1335617507	2.0041	1.0000	1.9953
1335617707	2.1295	1.0084	2.1194
1335617907	2.2524	1.0324	2.2459
1335618107	2.3718	1.0717	2.3628
1335618307	2.4853	1.1257	2.4740
1335618507	2.5912	1.1935	2.5699
1335618707	2.6873	1.2736	2.6755
1335618907	2.7730	1.3656	2.7633
1335619107	2.8465	1.4676	2.8471
1335619307	2.9066	1.5780	2.8793
1335619507	2.9522	1.6946	2.9366
1335619707	2.9830	1.8165	2.9736
1335619907	2.9983	1.9412	2.9889
1335620107	2.9978	2.0669	2.9914
1335620307	2.9815	2.1916	2.9760
1335620507	2.9497	2.3132	2.9430
1335620707	2.9029	2.4299	2.8930
1335620907	2.8421	2.5393	2.8399
1335621107	2.7678	2.6407	2.7593
1335621307	2.6813	2.7320	2.6601
1335621507	2.5841	2.8117	2.5699
1335621707	2.4781	2.8783	2.4700
1335621907	2.3642	2.9313	2.3620
1335622107	2.2445	2.9697	2.2355
1335622307	2.1209	2.9927	2.1105
1335622507	1.9959	3.0000	1.9889
1335622707	1.8705	2.9916	1.8567
1335622907	1.7471	2.9675	1.7390
1335623107	1.6277	2.9281	1.6230
1335623307	1.5147	2.8743	1.5110
1335623507	1.4088	2.8065	1.3990
1335623707	1.3123	2.7260	1.3039
1335623907	1.2267	2.6340	1.2217
1335624107	1.1535	2.5324	1.1129
1335624307	1.0934	2.4220	1.0887
1335624507	1.0476	2.3049	1.0388
1335624707	1.0170	2.1835	1.0130
1335624907	1.0017	2.0588	1.0041
1335625107	1.0022	1.9331	0.9977
1335625307	1.0185	1.8084	1.0138
1335625507	1.0502	1.6873	1.0460
1335625707	1.0969	1.5706	1.0887
1335625907	1.1579	1.4607	1.1524
1335626107	1.2322	1.3593	1.2241
1335626307	1.3183	1.2684	1.3127
1335626507	1.4154	1.1886	1.4062
1335626707	1.5219	1.1217	1.5182
1335626907	1.6358	1.0687	1.6311
1335627107	1.7550	1.0305	1.7471
1335627307	1.8786	1.0074	1.8720
1335627507	2.0041	1.0000	1.9977
1335627707	2.1295	1.0084	2.1283
1335627907	2.2524	1.0324	2.2443
1335628107	2.3718	1.0717	2.3660
1335628307	2.4853	1.1257	2.4740
1335628507	2.5912	1.1935	2.5804
1335628707	2.6873	1.2736	2.6803
1335628907	2.7730	1.3656	2.7657
1335629107	2.8465	1.4676	2.8382
1335629307	2.9066	1.5780	2.8930
1335629507	2.9522	1.6946	2.9366
1335629707	2.9830	1.8165	2.9825
1335629907	2.9983	1.9412	2.9930
1335630107	2.9978	2.0669	2.9970
1335630307	2.9815	2.1916	2.9720
1335630507	2.9497	2.3132	2.9349
1335630707	2.9029	2.4299	2.8987
1335630907	2.8421	2.5393	2.8342
1335631107	2.7678	2.6407	2.7585
1335631307	2.6813	2.7320	2.6730
1335631507	2.5841	2.8117	2.5731
1335631707	2.4781	2.8783	2.4732
1335631907	2.3642	2.9313	2.3515
1335632107	2.2445	2.9697	2.2306
1335632307	2.1209	2.9927	2.1146
1335632507	1.9959	3.0000	1.9897
1335632707	1.8705	2.9916	1.8664
1335632907	1.7471	2.9675	1.7407
1335633107	1.6277	2.9281	1.6238
1335633307	1.5147	2.8743	1.5053
1335633507	1.4088	2.8065	1.4062
1335633707	1.3123	2.7260	1.2910
1335633907	1.2267	2.6340	1.2249
1335634107	1.1535	2.5324	1.1524
1335634307	1.0934	2.4220	1.0903
1335634507	1.0476	2.3049	1.0436
1335634707	1.0170	2.1835	1.0097
1335634907	1.0017	2.0588	0.9952
1335635107	1.0022	1.9331	0.9952
1335635307	1.0185	1.8084	1.0122
1335635507	1.0502	1.6873	1.0492
1335635707	1.0969	1.5706	1.0903
1335635907	1.1579	1.4607	1.1701
1335636107	1.2322	1.3593	1.2273
1335636307	1.3183	1.2684	1.3168
1335636507	1.4154	1.1886	1.4111
1335636707	1.5219	1.1217	1.5199
1335636907	1.6358	1.0687	1.6399
1335637107	1.7550	1.0305	1.7447
1335637307	1.8786	1.0074	1.8696
1335637507	2.0041	1.0000	1.9977
1335637707	2.1295	1.0084	2.1154
1335637907	2.2524	1.0324	2.2129
1335638107	2.3718	1.0717	2.3596
1335638307	2.4853	1.1257	2.4772
1335638507	2.5912	1.1935	2.5804
1335638707	2.6873	1.2736	2.6843
1335638907	2.7730	1.3656	2.7714
1335639107	2.8465	1.4676	2.8382
1335639307	2.9066	1.5780	2.9003
1335639507	2.9522	1.6946	2.9478
1335639707	2.9830	1.8165	2.9720
1335639907	2.9983	1.9412	2.9841
1335640107	2.9978	2.0669	2.9914
1335640307	2.9815	2.1916	2.9720
1335640507	2.9497	2.3132	2.9438
1335640707	2.9029	2.4299	2.9003
1335640907	2.8421	2.5393	2.8382
1335641107	2.7678	2.6407	2.7577
1335641307	2.6813	2.7320	2.6714
1335641507	2.5841	2.8117	2.5659
1335641707	2.4781	2.8783	2.4458
1335641907	2.3642	2.9313	2.3571
1335642107	2.2445	2.9697	2.2427
1335642307	2.1209	2.9927	2.1089
1335642507	1.9959	3.0000	1.9848
1335642707	1.8705	2.9916	1.8607
1335642907	1.7471	2.9675	1.7415
1335643107	1.6277	2.9281	1.6222
1335643307	1.5147	2.8743	1.5134
1335643507	1.4088	2.8065	1.3982
1335643707	1.3123	2.7260	1.3079
1335643907	1.2267	2.6340	1.2201
1335644107	1.1535	2.5324	1.1524
1335644307	1.0934	2.4220	1.0903
1335644507	1.0476	2.3049	1.0412
1335644707	1.0170	2.1835	1.0105
1335644907	1.0017	2.0588	0.9968
1335645107	1.0022	1.9331	0.9944
1335645307	1.0185	1.8084	1.0130
1335645507	1.0502	1.6873	1.0436
1335645707	1.0969	1.5706	1.0887
1335645907	1.1579	1.4607	1.1516
1335646107	1.2322	1.3593	1.2257
1335646307	1.3183	1.2684	1.3144
1335646507	1.4154	1.1886	1.4086
1335646707	1.5219	1.1217	1.5190
1335646907	1.6358	1.0687	1.6456
1335647107	1.7550	1.0305	1.7495
1335647307	1.8786	1.0074	1.8575
1335647507	2.0041	1.0000	1.9961
1335647707	2.1295	1.0084	2.1226
1335647907	2.2524	1.0324	2.2427
1335648107	2.3718	1.0717	2.3668
1335648307	2.4853	1.1257	2.4796
1335648507	2.5912	1.1935	2.5852
1335648707	2.6873	1.2736	2.6787
1335648907	2.7730	1.3656	2.7601
1335649107	2.8465	1.4676	2.8390
1335649307	2.9066	1.5780	2.9035
1335649507	2.9522	1.6946	2.9454
1335649707	2.9830	1.8165	2.9696
1335649907	2.9983	1.9412	2.9833
1335650107	2.9978	2.0669	2.9922
1335650307	2.9815	2.1916	2.9809
1335650507	2.9497	2.3132	2.9374
1335650707	2.9029	2.4299	2.8955
1335650907	2.8421	2.5393	2.8318
1335651107	2.7678	2.6407	2.7641
1335651307	2.6813	2.7320	2.6714
1335651507	2.5841	2.8117	2.5731
1335651707	2.4781	2.8783	2.4643
1335651907	2.3642	2.9313	2.3217
1335652107	2.2445	2.9697	2.2427
1335652307	2.1209	2.9927	2.1210
1335652507	1.9959	3.0000	1.9929
1335652707	1.8705	2.9916	1.8720
1335652907	1.7471	2.9675	1.7382
1335653107	1.6277	2.9281	1.6246
1335653307	1.5147	2.8743	1.5110
1335653507	1.4088	2.8065	1.4078
1335653707	1.3123	2.7260	1.3071
1335653907	1.2267	2.6340	1.2233
1335654107	1.1535	2.5324	1.1516
1335654307	1.0934	2.4220	1.0879
1335654507	1.0476	2.3049	1.0428
1335654707	1.0170	2.1835	1.0081
1335654907	1.0017	2.0588	0.9767
1335655107	1.0022	1.9331	0.9968
1335655307	1.0185	1.8084	1.0154
1335655507	1.0502	1.6873	1.0468
1335655707	1.0969	1.5706	1.0927
1335655907	1.1579	1.4607	1.1540
1335656107	1.2322	1.3593	1.2281
1335656307	1.3183	1.2684	1.3103
1335656507	1.4154	1.1886	1.3901
1335656707	1.5219	1.1217	1.5142
1335656907	1.6358	1.0687	1.6359
1335657107	1.7550	1.0305	1.7503
1335657307	1.8786	1.0074	1.8752
1335657507	2.0041	1.0000	1.9889
1335657707	2.1295	1.0084	2.1186
1335657907	2.2524	1.0324	2.2403
1335658107	2.3718	1.0717	2.3668
1335658307	2.4853	1.1257	2.4732
1335658507	2.5912	1.1935	2.5852
1335658707	2.6873	1.2736	2.6835
1335658907	2.7730	1.3656	2.7665
1335659107	2.8465	1.4676	2.8390
1335659307	2.9066	1.5780	2.8995
1335659507	2.9522	1.6946	2.9486
1335659707	2.9830	1.8165	2.9728
1335659907	2.9983	1.9412	2.9785
1335660107	2.9978	2.0669	2.9930
1335660307	2.9815	2.1916	2.9688
1335660507	2.9497	2.3132	2.9043
1335660707	2.9029	2.4299	2.8713
1335660907	2.8421	2.5393	2.8390
1335661107	2.7678	2.6407	2.7520
1335661307	2.6813	2.7320	2.6755
1335661507	2.5841	2.8117	2.5715
1335661707	2.4781	2.8783	2.4651
1335661907	2.3642	2.9313	2.3596
1335662107	2.2445	2.9697	2.2403
1335662307	2.1209	2.9927	2.1122
1335662507	1.9959	3.0000	1.9881
1335662707	1.8705	2.9916	1.8599
1335662907	1.7471	2.9675	1.7423
1335663107	1.6277	2.9281	1.6270
1335663307	1.5147	2.8743	1.5126
1335663507	1.4088	2.8065	1.4054
1335663707	1.3123	2.7260	1.3087
1335663907	1.2267	2.6340	1.2177
1335664107	1.1535	2.5324	1.1459
1335664307	1.0934	2.4220	1.0903
1335664507	1.0476	2.3049	1.0412
1335664707	1.0170	2.1835	1.0138
1335664907	1.0017	2.0588	0.9960
1335665107	1.0022	1.9331	0.9944
1335665307	1.0185	1.8084	0.9880
1335665507	1.0502	1.6873	1.0468
1335665707	1.0969	1.5706	1.0911
1335665907	1.1579	1.4607	1.1540
1335666107	1.2322	1.3593	1.2160
1335666307	1.3183	1.2684	1.3111
1335666507	1.4154	1.1886	1.4086
1335666707	1.5219	1.1217	1.5215
1335666907	1.6358	1.0687	1.6319
1335667107	1.7550	1.0305	1.7447
1335667307	1.8786	1.0074	1.8672
1335667507	2.0041	1.0000	1.9969
1335667707	2.1295	1.0084	2.1267
1335667907	2.2524	1.0324	2.2443
1335668107	2.3718	1.0717	2.3547
1335668307	2.4853	1.1257	2.4700
1335668507	2.5912	1.1935	2.5779
1335668707	2.6873	1.2736	2.6730
1335668907	2.7730	1.3656	2.7625
1335669107	2.8465	1.4676	2.8423
1335669307	2.9066	1.5780	2.8963
1335669507	2.9522	1.6946	2.9398
1335669707	2.9830	1.8165	2.9664
1335669907	2.9983	1.9412	2.9930
1335670107	2.9978	2.0669	2.9841
1335670307	2.9815	2.1916	2.9736
1335670507	2.9497	2.3132	2.9366
1335670707	2.9029	2.4299	2.8963
1335670907	2.8421	2.5393	2.8270
1335671107	2.7678	2.6407	2.7601
1335671307	2.6813	2.7320	2.6682
1335671507	2.5841	2.8117	2.5836
1335671707	2.4781	2.8783	2.4724
1335671907	2.3642	2.9313	2.3571
1335672107	2.2445	2.9697	2.2330
1335672307	2.1209	2.9927	2.1138
1335672507	1.9959	3.0000	1.9905
1335672707	1.8705	2.9916	1.8672
1335672907	1.7471	2.9675	1.7415
1335673107	1.6277	2.9281	1.5980
1335673307	1.5147	2.8743	1.5158
1335673507	1.4088	2.8065	1.4054
1335673707	1.3123	2.7260	1.3087
1335673907	1.2267	2.6340	1.2201
1335674107	1.1535	2.5324	1.1516
1335674307	1.0934	2.4220	1.0895
1335674507	1.0476	2.3049	1.0420
1335674707	1.0170	2.1835	1.0097
1335674907	1.0017	2.0588	0.9993
1335675107	1.0022	1.9331	0.9960
1335675307	1.0185	1.8084	1.0170
1335675507	1.0502	1.6873	1.0468
1335675707	1.0969	1.5706	1.0927
1335675907	1.1579	1.4607	1.1540
1335676107	1.2322	1.3593	1.2297
1335676307	1.3183	1.2684	1.3136
1335676507	1.4154	1.1886	1.4103
1335676707	1.5219	1.1217	1.5174
1335676907	1.6358	1.0687	1.6262
1335677107	1.7550	1.0305	1.7511
1335677307	1.8786	1.0074	1.8728
1335677507	2.0041	1.0000	1.9985
1335677707	2.1295	1.0084	2.1130
1335677907	2.2524	1.0324	2.2484
1335678107	2.3718	1.0717	2.3612
1335678307	2.4853	1.1257	2.4692
1335678507	2.5912	1.1935	2.5788
1335678707	2.6873	1.2736	2.6738
1335678907	2.7730	1.3656	2.7609
1335679107	2.8465	1.4676	2.8302
1335679307	2.9066	1.5780	2.8955
1335679507	2.9522	1.6946	2.9390
1335679707	2.9830	1.8165	2.9744
1335679907	2.9983	1.9412	2.9849
1335680107	2.9978	2.0669	2.9889
1335680307	2.9815	2.1916	2.9752
1335680507	2.9497	2.3132	2.9253
1335680707	2.9029	2.4299	2.8930
1335680907	2.8421	2.5393	2.8399
1335681107	2.7678	2.6407	2.7617
1335681307	2.6813	2.7320	2.6755
1335681507	2.5841	2.8117	2.5659
1335681707	2.4781	2.8783	2.4740
1335681907	2.3642	2.9313	2.3571
1335682107	2.2445	2.9697	2.2387
1335682307	2.1209	2.9927	2.1170
1335682507	1.9959	3.0000	1.9897
1335682707	1.8705	2.9916	1.8559
1335682907	1.7471	2.9675	1.7407
1335683107	1.6277	2.9281	1.6230
1335683307	1.5147	2.8743	1.5142
1335683507	1.4088	2.8065	1.4022
1335683707	1.3123	2.7260	1.3071
1335683907	1.2267	2.6340	1.2201
1335684107	1.1535	2.5324	1.1467
1335684307	1.0934	2.4220	1.0887
1335684507	1.0476	2.3049	1.0347
1335684707	1.0170	2.1835	1.0114
1335684907	1.0017	2.0588	0.9993
1335685107	1.0022	1.9331	1.0001
1335685307	1.0185	1.8084	1.0162
1335685507	1.0502	1.6873	1.0460
1335685707	1.0969	1.5706	1.0944
1335685907	1.1579	1.4607	1.1556
1335686107	1.2322	1.3593	1.2346
1335686307	1.3183	1.2684	1.3079
1335686507	1.4154	1.1886	1.4111
1335686707	1.5219	1.1217	1.5110
1335686907	1.6358	1.0687	1.6295
1335687107	1.7550	1.0305	1.7495
1335687307	1.8786	1.0074	1.8752
1335687507	2.0041	1.0000	1.9913
1335687707	2.1295	1.0084	2.1146
1335687907	2.2524	1.0324	2.2250
1335688107	2.3718	1.0717	2.3628
1335688307	2.4853	1.1257	2.4804
1335688507	2.5912	1.1935	2.5852
1335688707	2.6873	1.2736	2.6851
1335688907	2.7730	1.3656	2.7520
1335689107	2.8465	1.4676	2.8334
1335689307	2.9066	1.5780	2.8987
1335689507	2.9522	1.6946	2.9454
1335689707	2.9830	1.8165	2.9777
1335689907	2.9983	1.9412	2.9922
1335690107	2.9978	2.0669	2.9922
1335690307	2.9815	2.1916	2.9777
1335690507	2.9497	2.3132	2.9366
1335690707	2.9029	2.4299	2.9003
1335690907	2.8421	2.5393	2.8286
1335691107	2.7678	2.6407	2.7577
1335691307	2.6813	2.7320	2.6722
1335691507	2.5841	2.8117	2.5836
1335691707	2.4781	2.8783	2.4708
1335691907	2.3642	2.9313	2.3571
1335692107	2.2445	2.9697	2.2371
1335692307	2.1209	2.9927	2.1097
1335692507	1.9959	3.0000	1.9913
1335692707	1.8705	2.9916	1.8632
1335692907	1.7471	2.9675	1.7399
1335693107	1.6277	2.9281	1.6246
1335693307	1.5147	2.8743	1.5150
1335693507	1.4088	2.8065	1.4038
1335693707	1.3123	2.7260	1.3063
1335693907	1.2267	2.6340	1.2241
1335694107	1.1535	2.5324	1.1484
1335694307	1.0934	2.4220	1.0847
1335694507	1.0476	2.3049	1.0412
1335694707	1.0170	2.1835	1.0001
1335694907	1.0017	2.0588	0.9944
1335695107	1.0022	1.9331	0.9977
1335695307	1.0185	1.8084	1.0114
1335695507	1.0502	1.6873	1.0500
1335695707	1.0969	1.5706	1.0895
1335695907	1.1579	1.4607	1.1524
1335696107	1.2322	1.3593	1.2265
1335696307	1.3183	1.2684	1.3103
1335696507	1.4154	1.1886	1.4078
1335696707	1.5219	1.1217	1.5158
1335696907	1.6358	1.0687	1.6327
1335697107	1.7550	1.0305	1.7471
1335697307	1.8786	1.0074	1.8599
1335697507	2.0041	1.0000	1.9985
1335697707	2.1295	1.0084	2.1202
1335697907	2.2524	1.0324	2.2475
1335698107	2.3718	1.0717	2.3604
1335698307	2.4853	1.1257	2.4796
1335698507	2.5912	1.1935	2.5554
1335698707	2.6873	1.2736	2.6747
1335698907	2.7730	1.3656	2.7649
1335699107	2.8465	1.4676	2.8342
1335699307	2.9066	1.5780	2.9003
1335699507	2.9522	1.6946	2.9374
1335699707	2.9830	1.8165	2.9720
1335699907	2.9983	1.9412	2.9865
1335700107	2.9978	2.0669	2.9865
1335700307	2.9815	2.1916	2.9736
1335700507	2.9497	2.3132	2.9374
1335700707	2.9029	2.4299	2.9003
1335700907	2.8421	2.5393	2.8350
1335701107	2.7678	2.6407	2.7601
1335701307	2.6813	2.7320	2.6803
1335701507	2.5841	2.8117	2.5771
1335701707	2.4781	2.8783	2.4732
1335701907	2.3642	2.9313	2.3539
1335702107	2.2445	2.9697	2.2193
1335702307	2.1209	2.9927	2.1114
1335702507	1.9959	3.0000	1.9881
1335702707	1.8705	2.9916	1.8680
1335702907	1.7471	2.9675	1.7374
1335703107	1.6277	2.9281	1.6262
1335703307	1.5147	2.8743	1.5094
1335703507	1.4088	2.8065	1.3837
1335703707	1.3123	2.7260	1.3039
1335703907	1.2267	2.6340	1.2185
1335704107	1.1535	2.5324	1.1524
1335704307	1.0934	2.4220	1.0887
1335704507	1.0476	2.3049	1.0492
1335704707	1.0170	2.1835	1.0114
1335704907	1.0017	2.0588	0.9993
1335705107	1.0022	1.9331	0.9977
1335705307	1.0185	1.8084	1.0122
1335705507	1.0502	1.6873	1.0468
1335705707	1.0969	1.5706	1.0952
1335705907	1.1579	1.4607	1.1540
1335706107	1.2322	1.3593	1.2314
1335706307	1.3183	1.2684	1.3079
1335706507	1.4154	1.1886	1.4086
1335706707	1.5219	1.1217	1.5174
1335706907	1.6358	1.0687	1.6286
1335707107	1.7550	1.0305	1.7495
1335707307	1.8786	1.0074	1.8672
1335707507	2.0041	1.0000	1.9752
1335707707	2.1295	1.0084	2.1234
1335707907	2.2524	1.0324	2.2387
1335708107	2.3718	1.0717	2.3563
1335708307	2.4853	1.1257	2.4724
1335708507	2.5912	1.1935	2.5796
1335708707	2.6873	1.2736	2.6738
1335708907	2.7730	1.3656	2.7689
1335709107	2.8465	1.4676	2.8455
1335709307	2.9066	1.5780	2.8995
1335709507	2.9522	1.6946	2.9470
1335709707	2.9830	1.8165	2.9825
1335709907	2.9983	1.9412	2.9938
1335710107	2.9978	2.0669	2.9914
1335710307	2.9815	2.1916	2.9640
1335710507	2.9497	2.3132	2.9454
1335710707	2.9029	2.4299	2.8987
1335710907	2.8421	2.5393	2.8342
1335711107	2.7678	2.6407	2.7657
1335711307	2.6813	2.7320	2.6706
1335711507	2.5841	2.8117	2.5731
1335711707	2.4781	2.8783	2.4692
1335711907	2.3642	2.9313	2.3571
1335712107	2.2445	2.9697	2.2475
1335712307	2.1209	2.9927	2.1186
1335712507	1.9959	3.0000	1.9913
1335712707	1.8705	2.9916	1.8583
1335712907	1.7471	2.9675	1.7399
1335713107	1.6277	2.9281	1.6246
1335713307	1.5147	2.8743	1.5102
1335713507	1.4088	2.8065	1.4062
1335713707	1.3123	2.7260	1.3071
1335713907	1.2267	2.6340	1.2193
1335714107	1.1535	2.5324	1.1484
1335714307	1.0934	2.4220	1.0903
1335714507	1.0476	2.3049	1.0468
1335714707	1.0170	2.1835	1.0105
1335714907	1.0017	2.0588	0.9993
1335715107	1.0022	1.9331	0.9904
1335715307	1.0185	1.8084	1.0146
1335715507	1.0502	1.6873	1.0468
1335715707	1.0969	1.5706	1.0895
1335715907	1.1579	1.4607	1.1508
1335716107	1.2322	1.3593	1.2209
1335716307	1.3183	1.2684	1.3136
1335716507	1.4154	1.1886	1.3925
1335716707	1.5219	1.1217	1.5158
1335716907	1.6358	1.0687	1.6246
1335717107	1.7550	1.0305	1.7503
1335717307	1.8786	1.0074	1.8720
1335717507	2.0041	1.0000	1.9969
1335717707	2.1295	1.0084	2.1194
1335717907	2.2524	1.0324	2.2484
1335718107	2.3718	1.0717	2.3652
1335718307	2.4853	1.1257	2.4756
1335718507	2.5912	1.1935	2.5570
1335718707	2.6873	1.2736	2.6803
1335718907	2.7730	1.3656	2.7722
1335719107	2.8465	1.4676	2.8399
1335719307	2.9066	1.5780	2.8987
1335719507	2.9522	1.6946	2.9414
1335719707	2.9830	1.8165	2.9785
1335719907	2.9983	1.9412	2.9897
1335720107	2.9978	2.0669	2.9897
1335720307	2.9815	2.1916	2.9720
1335720507	2.9497	2.3132	2.9462
1335720707	2.9029	2.4299	2.8938
1335720907	2.8421	2.5393	2.8382
1335721107	2.7678	2.6407	2.7528
1335721307	2.6813	2.7320	2.6771
1335721507	2.5841	2.8117	2.5763
1335721707	2.4781	2.8783	2.4659
1335721907	2.3642	2.9313	2.3620
1335722107	2.2445	2.9697	2.2347
1335722307	2.1209	2.9927	2.1154
1335722507	1.9959	3.0000	1.9905
1335722707	1.8705	2.9916	1.8615
1335722907	1.7471	2.9675	1.7447
1335723107	1.6277	2.9281	1.6141
1335723307	1.5147	2.8743	1.5126
1335723507	1.4088	2.8065	1.4006
1335723707	1.3123	2.7260	1.3071
1335723907	1.2267	2.6340	1.2193
1335724107	1.1535	2.5324	1.1500
1335724307	1.0934	2.4220	1.0863
1335724507	1.0476	2.3049	1.0412
1335724707	1.0170	2.1835	0.9880
1335724907	1.0017	2.0588	0.9977
1335725107	1.0022	1.9331	0.9993
1335725307	1.0185	1.8084	1.0114
1335725507	1.0502	1.6873	1.0468
1335725707	1.0969	1.5706	1.0831
1335725907	1.1579	1.4607	1.1524
1335726107	1.2322	1.3593	1.2273
1335726307	1.3183	1.2684	1.3103
1335726507	1.4154	1.1886	1.4143
1335726707	1.5219	1.1217	1.5110
1335726907	1.6358	1.0687	1.6254
1335727107	1.7550	1.0305	1.7463
1335727307	1.8786	1.0074	1.8704
1335727507	2.0041	1.0000	2.0001
1335727707	2.1295	1.0084	2.1307
1335727907	2.2524	1.0324	2.2427
1335728107	2.3718	1.0717	2.3571
1335728307	2.4853	1.1257	2.4845
1335728507	2.5912	1.1935	2.5828
1335728707	2.6873	1.2736	2.6763
1335728907	2.7730	1.3656	2.7440
1335729107	2.8465	1.4676	2.8415
1335729307	2.9066	1.5780	2.9027
1335729507	2.9522	1.6946	2.9470
1335729707	2.9830	1.8165	2.9849
1335729907	2.9983	1.9412	2.9889
1335730107	2.9978	2.0669	2.9857
1335730307	2.9815	2.1916	2.9632
1335730507	2.9497	2.3132	2.9390
1335730707	2.9029	2.4299	2.8971
1335730907	2.8421	2.5393	2.8407
1335731107	2.7678	2.6407	2.7609
1335731307	2.6813	2.7320	2.6682
1335731507	2.5841	2.8117	2.5812
1335731707	2.4781	2.8783	2.4716
1335731907	2.3642	2.9313	2.3547
1335732107	2.2445	2.9697	2.2379
1335732307	2.1209	2.9927	2.1122
1335732507	1.9959	3.0000	1.9905
1335732707	1.8705	2.9916	1.8607
1335732907	1.7471	2.9675	1.7463
1335733107	1.6277	2.9281	1.6190
1335733307	1.5147	2.8743	1.5247
1335733507	1.4088	2.8065	1.4078
1335733707	1.3123	2.7260	1.3031
1335733907	1.2267	2.6340	1.2249
1335734107	1.1535	2.5324	1.1524
1335734307	1.0934	2.4220	1.0895
1335734507	1.0476	2.3049	1.0436
1335734707	1.0170	2.1835	1.0138
1335734907	1.0017	2.0588	0.9960
1335735107	1.0022	1.9331	0.9952
1335735307	1.0185	1.8084	1.0146
1335735507	1.0502	1.6873	1.0420
1335735707	1.0969	1.5706	1.0927
1335735907	1.1579	1.4607	1.1540
1335736107	1.2322	1.3593	1.2305
1335736307	1.3183	1.2684	1.3063
1335736507	1.4154	1.1886	1.4111
1335736707	1.5219	1.1217	1.5166
1335736907	1.6358	1.0687	1.6335
1335737107	1.7550	1.0305	1.7439
1335737307	1.8786	1.0074	1.8744
1335737507	2.0041	1.0000	2.0034
1335737707	2.1295	1.0084	2.1259
1335737907	2.2524	1.0324	2.2451
1335738107	2.3718	1.0717	2.3612
1335738307	2.4853	1.1257	2.4764
1335738507	2.5912	1.1935	2.5755
1335738707	2.6873	1.2736	2.6706
1335738907	2.7730	1.3656	2.7625
1335739107	2.8465	1.4676	2.8334
1335739307	2.9066	1.5780	2.9011
1335739507	2.9522	1.6946	2.9495
1335739707	2.9830	1.8165	2.9744
1335739907	2.9983	1.9412	2.9889
1335740107	2.9978	2.0669	2.9833
1335740307	2.9815	2.1916	2.9744
1335740507	2.9497	2.3132	2.9341
1335740707	2.9029	2.4299	2.8987
1335740907	2.8421	2.5393	2.8374
1335741107	2.7678	2.6407	2.7649
1335741307	2.6813	2.7320	2.6714
1335741507	2.5841	2.8117	2.5779
1335741707	2.4781	2.8783	2.4708
1335741907	2.3642	2.9313	2.3588
1335742107	2.2445	2.9697	2.2411
1335742307	2.1209	2.9927	2.1146
1335742507	1.9959	3.0000	1.9897
1335742707	1.8705	2.9916	1.8640
1335742907	1.7471	2.9675	1.7423
1335743107	1.6277	2.9281	1.6230
1335743307	1.5147	2.8743	1.5158
1335743507	1.4088	2.8065	1.3990
1335743707	1.3123	2.7260	1.3079
1335743907	1.2267	2.6340	1.2201
1335744107	1.1535	2.5324	1.1475
1335744307	1.0934	2.4220	1.0871
1335744507	1.0476	2.3049	1.0460
1335744707	1.0170	2.1835	1.0097
1335744907	1.0017	2.0588	0.9977
1335745107	1.0022	1.9331	0.9960
1335745307	1.0185	1.8084	1.0114
1335745507	1.0502	1.6873	1.0428
1335745707	1.0969	1.5706	1.0911
1335745907	1.1579	1.4607	1.1516
1335746107	1.2322	1.3593	1.2273
1335746307	1.3183	1.2684	1.3127
1335746507	1.4154	1.1886	1.4103
1335746707	1.5219	1.1217	1.5199
1335746907	1.6358	1.0687	1.6335
1335747107	1.7550	1.0305	1.7439
1335747307	1.8786	1.0074	1.8656
1335747507	2.0041	1.0000	1.9921
1335747707	2.1295	1.0084	2.1122
1335747907	2.2524	1.0324	2.2427
1335748107	2.3718	1.0717	2.3660
1335748307	2.4853	1.1257	2.4804
1335748507	2.5912	1.1935	2.5796
1335748707	2.6873	1.2736	2.6779
1335748907	2.7730	1.3656	2.7697
1335749107	2.8465	1.4676	2.8165
1335749307	2.9066	1.5780	2.8963
1335749507	2.9522	1.6946	2.9390
1335749707	2.9830	1.8165	2.9793
1335749907	2.9983	1.9412	2.9873
1335750107	2.9978	2.0669	2.9914
1335750307	2.9815	2.1916	2.9406
1335750507	2.9497	2.3132	2.9398
1335750707	2.9029	2.4299	2.8938
1335750907	2.8421	2.5393	2.8366
1335751107	2.7678	2.6407	2.7585
1335751307	2.6813	2.7320	2.6730
1335751507	2.5841	2.8117	2.5715
1335751707	2.4781	2.8783	2.4684
1335751907	2.3642	2.9313	2.3499
1335752107	2.2445	2.9697	2.2371
1335752307	2.1209	2.9927	2.1122
1335752507	1.9959	3.0000	1.9832
1335752707	1.8705	2.9916	1.8317
1335752907	1.7471	2.9675	1.7399
1335753107	1.6277	2.9281	1.6246
1335753307	1.5147	2.8743	1.5134
1335753507	1.4088	2.8065	1.4062
1335753707	1.3123	2.7260	1.3119
1335753907	1.2267	2.6340	1.2217
1335754107	1.1535	2.5324	1.1492
1335754307	1.0934	2.4220	1.0895
1335754507	1.0476	2.3049	1.0404
1335754707	1.0170	2.1835	1.0081
1335754907	1.0017	2.0588	0.9968
1335755107	1.0022	1.9331	0.9985
1335755307	1.0185	1.8084	1.0138
1335755507	1.0502	1.6873	1.0476
1335755707	1.0969	1.5706	1.0927
1335755907	1.1579	1.4607	1.1556
1335756107	1.2322	1.3593	1.2305
1335756307	1.3183	1.2684	1.3127
1335756507	1.4154	1.1886	1.4095
1335756707	1.5219	1.1217	1.5223
1335756907	1.6358	1.0687	1.6278
1335757107	1.7550	1.0305	1.7495
1335757307	1.8786	1.0074	1.8519
1335757507	2.0041	1.0000	1.9993
1335757707	2.1295	1.0084	2.1081
1335757907	2.2524	1.0324	2.2395
1335758107	2.3718	1.0717	2.3652
1335758307	2.4853	1.1257	2.4732
1335758507	2.5912	1.1935	2.5788
1335758707	2.6873	1.2736	2.6787
1335758907	2.7730	1.3656	2.7423
1335759107	2.8465	1.4676	2.8366
1335759307	2.9066	1.5780	2.8963
1335759507	2.9522	1.6946	2.9470
1335759707	2.9830	1.8165	2.9801
1335759907	2.9983	1.9412	2.9720
1335760107	2.9978	2.0669	2.9938
1335760307	2.9815	2.1916	2.9696
1335760507	2.9497	2.3132	2.9358
1335760707	2.9029	2.4299	2.8955
1335760907	2.8421	2.5393	2.8334
1335761107	2.7678	2.6407	2.7577
1335761307	2.6813	2.7320	2.6690
1335761507	2.5841	2.8117	2.5788
1335761707	2.4781	2.8783	2.4651
1335761907	2.3642	2.9313	2.3588
1335762107	2.2445	2.9697	2.2387
1335762307	2.1209	2.9927	2.0912
1335762507	1.9959	3.0000	1.9897
1335762707	1.8705	2.9916	1.8672
1335762907	1.7471	2.9675	1.7382
1335763107	1.6277	2.9281	1.6295
1335763307	1.5147	2.8743	1.5126
1335763507	1.4088	2.8065	1.4022
1335763707	1.3123	2.7260	1.3095
1335763907	1.2267	2.6340	1.2015
1335764107	1.1535	2.5324	1.1484
1335764307	1.0934	2.4220	1.0895
1335764507	1.0476	2.3049	1.0428
1335764707	1.0170	2.1835	1.0114
1335764907	1.0017	2.0588	1.0001
1335765107	1.0022	1.9331	0.9968
1335765307	1.0185	1.8084	1.0130
1335765507	1.0502	1.6873	1.0476
1335765707	1.0969	1.5706	1.0944
1335765907	1.1579	1.4607	1.1540
1335766107	1.2322	1.3593	1.2257
1335766307	1.3183	1.2684	1.3160
1335766507	1.4154	1.1886	1.4046
1335766707	1.5219	1.1217	1.5223
1335766907	1.6358	1.0687	1.6004
1335767107	1.7550	1.0305	1.7511
1335767307	1.8786	1.0074	1.8793
1335767507	2.0041	1.0000	2.0001
1335767707	2.1295	1.0084	2.1234
1335767907	2.2524	1.0324	2.2395
1335768107	2.3718	1.0717	2.3620
1335768307	2.4853	1.1257	2.4837
1335768507	2.5912	1.1935	2.5659
1335768707	2.6873	1.2736	2.6803
1335768907	2.7730	1.3656	2.7697
1335769107	2.8465	1.4676	2.8358
1335769307	2.9066	1.5780	2.8987
1335769507	2.9522	1.6946	2.9470
1335769707	2.9830	1.8165	2.9752
1335769907	2.9983	1.9412	2.9914
1335770107	2.9978	2.0669	2.9881
1335770307	2.9815	2.1916	2.9632
1335770507	2.9497	2.3132	2.9116
1335770707	2.9029	2.4299	2.8963
1335770907	2.8421	2.5393	2.8374
1335771107	2.7678	2.6407	2.7649
1335771307	2.6813	2.7320	2.6738
1335771507	2.5841	2.8117	2.5707
1335771707	2.4781	2.8783	2.4772
1335771907	2.3642	2.9313	2.3644
1335772107	2.2445	2.9697	2.2411
1335772307	2.1209	2.9927	2.1210
1335772507	1.9959	3.0000	1.9873
1335772707	1.8705	2.9916	1.8591
1335772907	1.7471	2.9675	1.7415
1335773107	1.6277	2.9281	1.6182
1335773307	1.5147	2.8743	1.5086
1335773507	1.4088	2.8065	1.4038
1335773707	1.3123	2.7260	1.3095
1335773907	1.2267	2.6340	1.2193
1335774107	1.1535	2.5324	1.1540
1335774307	1.0934	2.4220	1.0976
1335774507	1.0476	2.3049	1.0396
1335774707	1.0170	2.1835	1.0114
1335774907	1.0017	2.0588	1.0009
1335775107	1.0022	1.9331	0.9977
1335775307	1.0185	1.8084	1.0138
1335775507	1.0502	1.6873	1.0468
1335775707	1.0969	1.5706	1.0895
1335775907	1.1579	1.4607	1.1282
1335776107	1.2322	1.3593	1.2265
1335776307	1.3183	1.2684	1.3152
1335776507	1.4154	1.1886	1.4103
1335776707	1.5219	1.1217	1.5134
1335776907	1.6358	1.0687	1.6319
1335777107	1.7550	1.0305	1.7487
1335777307	1.8786	1.0074	1.8696
1335777507	2.0041	1.0000	1.9977
1335777707	2.1295	1.0084	2.1283
1335777907	2.2524	1.0324	2.2427
1335778107	2.3718	1.0717	2.3604
1335778307	2.4853	1.1257	2.4780
1335778507	2.5912	1.1935	2.5812
1335778707	2.6873	1.2736	2.6811
1335778907	2.7730	1.3656	2.7617
1335779107	2.8465	1.4676	2.8407
1335779307	2.9066	1.5780	2.8818
1335779507	2.9522	1.6946	2.9414
1335779707	2.9830	1.8165	2.9793
1335779907	2.9983	1.9412	2.9873
1335780107	2.9978	2.0669	2.9938
1335780307	2.9815	2.1916	2.9801
1335780507	2.9497	2.3132	2.9438
1335780707	2.9029	2.4299	2.8955
1335780907	2.8421	2.5393	2.8237
1335781107	2.7678	2.6407	2.7440
1335781307	2.6813	2.7320	2.6738
1335781507	2.5841	2.8117	2.5675
1335781707	2.4781	2.8783	2.4675
1335781907	2.3642	2.9313	2.3483
1335782107	2.2445	2.9697	2.2379
1335782307	2.1209	2.9927	2.1114
1335782507	1.9959	3.0000	1.9937
1335782707	1.8705	2.9916	1.8607
1335782907	1.7471	2.9675	1.7399
1335783107	1.6277	2.9281	1.5851
1335783307	1.5147	2.8743	1.5118
1335783507	1.4088	2.8065	1.4062
1335783707	1.3123	2.7260	1.3103
1335783907	1.2267	2.6340	1.2168
1335784107	1.1535	2.5324	1.1516
1335784307	1.0934	2.4220	1.0895
1335784507	1.0476	2.3049	1.0420
1335784707	1.0170	2.1835	1.0130
1335784907	1.0017	2.0588	0.9952
1335785107	1.0022	1.9331	0.9985
1335785307	1.0185	1.8084	1.0154
1335785507	1.0502	1.6873	1.0460
1335785707	1.0969	1.5706	1.0919
1335785907	1.1579	1.4607	1.1508
1335786107	1.2322	1.3593	1.2314
1335786307	1.3183	1.2684	1.3144
1335786507	1.4154	1.1886	1.4119
1335786707	1.5219	1.1217	1.5166
1335786907	1.6358	1.0687	1.6311
1335787107	1.7550	1.0305	1.7495
1335787307	1.8786	1.0074	1.8744
1335787507	2.0041	1.0000	1.9873
1335787707	2.1295	1.0084	2.1242
1335787907	2.2524	1.0324	2.2467
1335788107	2.3718	1.0717	2.3668
1335788307	2.4853	1.1257	2.4748
1335788507	2.5912	1.1935	2.5804
1335788707	2.6873	1.2736	2.6843
1335788907	2.7730	1.3656	2.7633
1335789107	2.8465	1.4676	2.8390
1335789307	2.9066	1.5780	2.8979
1335789507	2.9522	1.6946	2.9519
1335789707	2.9830	1.8165	2.9752
1335789907	2.9983	1.9412	2.9865
1335790107	2.9978	2.0669	2.9889
1335790307	2.9815	2.1916	2.9736
1335790507	2.9497	2.3132	2.9454
1335790707	2.9029	2.4299	2.8890
1335790907	2.8421	2.5393	2.8358
1335791107	2.7678	2.6407	2.7552
1335791307	2.6813	2.7320	2.6755
1335791507	2.5841	2.8117	2.5763
1335791707	2.4781	2.8783	2.4667
1335791907	2.3642	2.9313	2.3563
1335792107	2.2445	2.9697	2.2451
1335792307	2.1209	2.9927	2.1089
1335792507	1.9959	3.0000	1.9873
1335792707	1.8705	2.9916	1.8607
1335792907	1.7471	2.9675	1.7133
1335793107	1.6277	2.9281	1.6174
1335793307	1.5147	2.8743	1.5078
1335793507	1.4088	2.8065	1.4046
1335793707	1.3123	2.7260	1.3071
1335793907	1.2267	2.6340	1.2160
1335794107	1.1535	2.5324	1.1500
1335794307	1.0934	2.4220	1.0903
1335794507	1.0476	2.3049	1.0388
1335794707	1.0170	2.1835	1.0097
1335794907	1.0017	2.0588	0.9977
1335795107	1.0022	1.9331	0.9985
1335795307	1.0185	1.8084	1.0089
1335795507	1.0502	1.6873	1.0307
1335795707	1.0969	1.5706	1.0629
1335795907	1.1579	1.4607	1.1524
1335796107	1.2322	1.3593	1.2249
1335796307	1.3183	1.2684	1.3136
1335796507	1.4154	1.1886	1.4127
1335796707	1.5219	1.1217	1.5174
1335796907	1.6358	1.0687	1.6238
1335797107	1.7550	1.0305	1.7511
1335797307	1.8786	1.0074	1.8736
1335797507	2.0041	1.0000	1.9921
1335797707	2.1295	1.0084	2.1259
1335797907	2.2524	1.0324	2.2427
1335798107	2.3718	1.0717	2.3588
1335798307	2.4853	1.1257	2.4724
1335798507	2.5912	1.1935	2.5804
1335798707	2.6873	1.2736	2.6811
1335798907	2.7730	1.3656	2.7625
1335799107	2.8465	1.4676	2.8366
1335799307	2.9066	1.5780	2.8955
1335799507	2.9522	1.6946	2.9486
1335799707	2.9830	1.8165	2.9736
1335799907	2.9983	1.9412	2.9897
1335800107	2.9978	2.0669	2.9914
1335800307	2.9815	2.1916	2.9760
1335800507	2.9497	2.3132	2.9398
1335800707	2.9029	2.4299	2.8987
1335800907	2.8421	2.5393	2.8334
1335801107	2.7678	2.6407	2.7536
1335801307	2.6813	2.7320	2.6730
1335801507	2.5841	2.8117	2.5699
1335801707	2.4781	2.8783	2.4603
1335801907	2.3642	2.9313	2.3588
1335802107	2.2445	2.9697	2.2379
1335802307	2.1209	2.9927	2.1210
1335802507	1.9959	3.0000	1.9873
1335802707	1.8705	2.9916	1.8632
1335802907	1.7471	2.9675	1.7463
1335803107	1.6277	2.9281	1.6246
1335803307	1.5147	2.8743	1.5078
1335803507	1.4088	2.8065	1.4046
1335803707	1.3123	2.7260	1.3087
1335803907	1.2267	2.6340	1.2217
1335804107	1.1535	2.5324	1.1475
1335804307	1.0934	2.4220	1.0863
1335804507	1.0476	2.3049	1.0420
1335804707	1.0170	2.1835	1.0146
1335804907	1.0017	2.0588	0.9968
1335805107	1.0022	1.9331	0.9960
1335805307	1.0185	1.8084	1.0130
1335805507	1.0502	1.6873	1.0468
1335805707	1.0969	1.5706	1.0911
1335805907	1.1579	1.4607	1.1532
1335806107	1.2322	1.3593	1.2273
1335806307	1.3183	1.2684	1.3136
1335806507	1.4154	1.1886	1.4103
1335806707	1.5219	1.1217	1.5142
1335806907	1.6358	1.0687	1.6303
1335807107	1.7550	1.0305	1.7439
1335807307	1.8786	1.0074	1.8744
1335807507	2.0041	1.0000	1.9977
1335807707	2.1295	1.0084	2.1234
1335807907	2.2524	1.0324	2.2443
1335808107	2.3718	1.0717	2.3604
1335808307	2.4853	1.1257	2.4780
1335808507	2.5912	1.1935	2.5836
1335808707	2.6873	1.2736	2.6771
1335808907	2.7730	1.3656	2.7585
1335809107	2.8465	1.4676	2.8415
1335809307	2.9066	1.5780	2.8955
1335809507	2.9522	1.6946	2.9382
1335809707	2.9830	1.8165	2.9696
1335809907	2.9983	1.9412	2.9615
1335810107	2.9978	2.0669	2.9873
1335810307	2.9815	2.1916	2.9712
1335810507	2.9497	2.3132	2.9446
1335810707	2.9029	2.4299	2.8938
1335810907	2.8421	2.5393	2.8286
1335811107	2.7678	2.6407	2.7552
1335811307	2.6813	2.7320	2.6755
1335811507	2.5841	2.8117	2.5836
1335811707	2.4781	2.8783	2.4740
1335811907	2.3642	2.9313	2.3596
1335812107	2.2445	2.9697	2.2403
1335812307	2.1209	2.9927	2.1170
1335812507	1.9959	3.0000	1.9856
1335812707	1.8705	2.9916	1.8632
1335812907	1.7471	2.9675	1.7399
1335813107	1.6277	2.9281	1.6222
1335813307	1.5147	2.8743	1.5126
1335813507	1.4088	2.8065	1.4022
1335813707	1.3123	2.7260	1.3095
1335813907	1.2267	2.6340	1.2201
1335814107	1.1535	2.5324	1.1508
1335814307	1.0934	2.4220	1.0541
1335814507	1.0476	2.3049	1.0428
1335814707	1.0170	2.1835	1.0097
1335814907	1.0017	2.0588	0.9968
1335815107	1.0022	1.9331	0.9968
1335815307	1.0185	1.8084	1.0114
1335815507	1.0502	1.6873	1.0468
1335815707	1.0969	1.5706	1.0903
1335815907	1.1579	1.4607	1.1524
1335816107	1.2322	1.3593	1.2338
1335816307	1.3183	1.2684	1.3127
1335816507	1.4154	1.1886	1.4078
1335816707	1.5219	1.1217	1.5190
1335816907	1.6358	1.0687	1.6278
1335817107	1.7550	1.0305	1.7447
1335817307	1.8786	1.0074	1.8704
1335817507	2.0041	1.0000	1.9969
1335817707	2.1295	1.0084	2.1138
1335817907	2.2524	1.0324	2.2427
1335818107	2.3718	1.0717	2.3604
1335818307	2.4853	1.1257	2.4812
1335818507	2.5912	1.1935	2.5820
1335818707	2.6873	1.2736	2.6787
1335818907	2.7730	1.3656	2.7665
1335819107	2.8465	1.4676	2.8374
1335819307	2.9066	1.5780	2.8995
1335819507	2.9522	1.6946	2.9462
1335819707	2.9830	1.8165	2.9777
1335819907	2.9983	1.9412	2.9897
1335820107	2.9978	2.0669	2.9938
1335820307	2.9815	2.1916	2.9688
1335820507	2.9497	2.3132	2.9406
1335820707	2.9029	2.4299	2.8995
1335820907	2.8421	2.5393	2.8350
1335821107	2.7678	2.6407	2.7585
1335821307	2.6813	2.7320	2.6714
1335821507	2.5841	2.8117	2.5731
1335821707	2.4781	2.8783	2.4756
1335821907	2.3642	2.9313	2.3523
1335822107	2.2445	2.9697	2.2363
1335822307	2.1209	2.9927	2.1130
1335822507	1.9959	3.0000	1.9808
1335822707	1.8705	2.9916	1.8607
1335822907	1.7471	2.9675	1.7407
1335823107	1.6277	2.9281	1.6206
1335823307	1.5147	2.8743	1.5078
1335823507	1.4088	2.8065	1.4014
1335823707	1.3123	2.7260	1.3023
1335823907	1.2267	2.6340	1.1911
1335824107	1.1535	2.5324	1.1508
1335824307	1.0934	2.4220	1.0919
1335824507	1.0476	2.3049	1.0371
1335824707	1.0170	2.1835	1.0105
1335824907	1.0017	2.0588	0.9993
1335825107	1.0022	1.9331	0.9993
1335825307	1.0185	1.8084	1.0146
1335825507	1.0502	1.6873	1.0484
1335825707	1.0969	1.5706	1.0927
1335825907	1.1579	1.4607	1.1540
1335826107	1.2322	1.3593	1.2314
1335826307	1.3183	1.2684	1.3079
1335826507	1.4154	1.1886	1.4095
1335826707	1.5219	1.1217	1.5166
1335826907	1.6358	1.0687	1.6311
1335827107	1.7550	1.0305	1.7487
1335827307	1.8786	1.0074	1.8648
1335827507	2.0041	1.0000	1.9945
1335827707	2.1295	1.0084	2.1259
1335827907	2.2524	1.0324	2.2548
1335828107	2.3718	1.0717	2.3483
1335828307	2.4853	1.1257	2.4716
1335828507	2.5912	1.1935	2.5755
1335828707	2.6873	1.2736	2.6803
1335828907	2.7730	1.3656	2.7625
1335829107	2.8465	1.4676	2.8286
1335829307	2.9066	1.5780	2.8955
1335829507	2.9522	1.6946	2.9470
1335829707	2.9830	1.8165	2.9736
1335829907	2.9983	1.9412	2.9881
1335830107	2.9978	2.0669	2.9889
1335830307	2.9815	2.1916	2.9720
1335830507	2.9497	2.3132	2.9422
1335830707	2.9029	2.4299	2.8914
1335830907	2.8421	2.5393	2.8342
1335831107	2.7678	2.6407	2.7609
1335831307	2.6813	2.7320	2.6626
1335831507	2.5841	2.8117	2.5514
1335831707	2.4781	2.8783	2.4675
1335831907	2.3642	2.9313	2.3620
1335832107	2.2445	2.9697	2.2387
1335832307	2.1209	2.9927	2.1130
1335832507	1.9959	3.0000	1.9913
1335832707	1.8705	2.9916	1.8640
1335832907	1.7471	2.9675	1.7407
1335833107	1.6277	2.9281	1.6230
1335833307	1.5147	2.8743	1.5062
1335833507	1.4088	2.8065	1.3982
1335833707	1.3123	2.7260	1.3071
1335833907	1.2267	2.6340	1.2305
1335834107	1.1535	2.5324	1.1467
1335834307	1.0934	2.4220	1.0895
1335834507	1.0476	2.3049	1.0420
1335834707	1.0170	2.1835	1.0097
1335834907	1.0017	2.0588	0.9977
1335835107	1.0022	1.9331	0.9960
1335835307	1.0185	1.8084	1.0146
1335835507	1.0502	1.6873	1.0508
1335835707	1.0969	1.5706	1.0653
1335835907	1.1579	1.4607	1.1508
1335836107	1.2322	1.3593	1.2281
1335836307	1.3183	1.2684	1.3160
1335836507	1.4154	1.1886	1.4062
1335836707	1.5219	1.1217	1.5207
1335836907	1.6358	1.0687	1.6278
1335837107	1.7550	1.0305	1.7479
1335837307	1.8786	1.0074	1.8897
1335837507	2.0041	1.0000	1.9969
1335837707	2.1295	1.0084	2.1412
1335837907	2.2524	1.0324	2.2459
1335838107	2.3718	1.0717	2.3531
1335838307	2.4853	1.1257	2.4764
1335838507	2.5912	1.1935	2.5626
1335838707	2.6873	1.2736	2.6779
1335838907	2.7730	1.3656	2.7641
1335839107	2.8465	1.4676	2.8334
1335839307	2.9066	1.5780	2.8890
1335839507	2.9522	1.6946	2.9358
1335839707	2.9830	1.8165	2.9752
1335839907	2.9983	1.9412	2.9849
1335840107	2.9978	2.0669	2.9825
1335840307	2.9815	2.1916	2.9712
1335840507	2.9497	2.3132	2.9406
1335840707	2.9029	2.4299	2.8971
1335840907	2.8421	2.5393	2.8374
1335841107	2.7678	2.6407	2.7617
1335841307	2.6813	2.7320	2.6682
1335841507	2.5841	2.8117	2.5747
1335841707	2.4781	2.8783	2.4675
1335841907	2.3642	2.9313	2.3523
1335842107	2.2445	2.9697	2.2379
1335842307	2.1209	2.9927	2.1105
1335842507	1.9959	3.0000	1.9848
1335842707	1.8705	2.9916	1.8623
1335842907	1.7471	2.9675	1.7399
1335843107	1.6277	2.9281	1.6270
1335843307	1.5147	2.8743	1.5126
1335843507	1.4088	2.8065	1.4288
1335843707	1.3123	2.7260	1.3063
1335843907	1.2267	2.6340	1.2225
1335844107	1.1535	2.5324	1.1492
1335844307	1.0934	2.4220	1.0895
1335844507	1.0476	2.3049	1.0388
1335844707	1.0170	2.1835	1.0073
1335844907	1.0017	2.0588	0.9977
1335845107	1.0022	1.9331	0.9993
1335845307	1.0185	1.8084	1.0122
1335845507	1.0502	1.6873	1.0154
1335845707	1.0969	1.5706	1.1064
1335845907	1.1579	1.4607	1.1524
1335846107	1.2322	1.3593	1.2265
1335846307	1.3183	1.2684	1.3127
1335846507	1.4154	1.1886	1.4095
1335846707	1.5219	1.1217	1.5158
1335846907	1.6358	1.0687	1.6327
1335847107	1.7550	1.0305	1.7519
1335847307	1.8786	1.0074	1.8680
1335847507	2.0041	1.0000	1.9969
1335847707	2.1295	1.0084	2.1226
1335847907	2.2524	1.0324	2.2379
1335848107	2.3718	1.0717	2.3579
1335848307	2.4853	1.1257	2.4821
1335848507	2.5912	1.1935	2.5820
1335848707	2.6873	1.2736	2.6771
1335848907	2.7730	1.3656	2.7681
1335849107	2.8465	1.4676	2.8294
1335849307	2.9066	1.5780	2.8947
1335849507	2.9522	1.6946	2.9438
1335849707	2.9830	1.8165	2.9768
1335849907	2.9983	1.9412	2.9543
1335850107	2.9978	2.0669	2.9978
1335850307	2.9815	2.1916	2.9736
1335850507	2.9497	2.3132	2.9414
1335850707	2.9029	2.4299	2.8963
1335850907	2.8421	2.5393	2.8382
1335851107	2.7678	2.6407	2.7560
1335851307	2.6813	2.7320	2.6722
1335851507	2.5841	2.8117	2.5812
1335851707	2.4781	2.8783	2.4692
1335851907	2.3642	2.9313	2.3507
1335852107	2.2445	2.9697	2.2355
1335852307	2.1209	2.9927	2.1114
1335852507	1.9959	3.0000	1.9856
1335852707	1.8705	2.9916	1.8640
1335852907	1.7471	2.9675	1.7423
1335853107	1.6277	2.9281	1.6190
1335853307	1.5147	2.8743	1.5118
1335853507	1.4088	2.8065	1.4014
1335853707	1.3123	2.7260	1.3087
1335853907	1.2267	2.6340	1.2241
1335854107	1.1535	2.5324	1.1218
1335854307	1.0934	2.4220	1.0887
1335854507	1.0476	2.3049	1.0396
1335854707	1.0170	2.1835	1.0105
1335854907	1.0017	2.0588	1.0186
1335855107	1.0022	1.9331	0.9977
1335855307	1.0185	1.8084	1.0122
1335855507	1.0502	1.6873	1.0500
1335855707	1.0969	1.5706	1.0936
1335855907	1.1579	1.4607	1.1475
1335856107	1.2322	1.3593	1.2289
1335856307	1.3183	1.2684	1.3095
1335856507	1.4154	1.1886	1.4086
1335856707	1.5219	1.1217	1.5142
1335856907	1.6358	1.0687	1.6311
1335857107	1.7550	1.0305	1.7431
1335857307	1.8786	1.0074	1.8752
1335857507	2.0041	1.0000	1.9687
1335857707	2.1295	1.0084	2.1242
1335857907	2.2524	1.0324	2.2403
1335858107	2.3718	1.0717	2.3330
1335858307	2.4853	1.1257	2.4716
1335858507	2.5912	1.1935	2.5554
1335858707	2.6873	1.2736	2.6811
1335858907	2.7730	1.3656	2.7625
1335859107	2.8465	1.4676	2.8358
1335859307	2.9066	1.5780	2.8938
1335859507	2.9522	1.6946	2.9366
1335859707	2.9830	1.8165	2.9752
1335859907	2.9983	1.9412	2.9825
1335860107	2.9978	2.0669	2.9833
1335860307	2.9815	2.1916	2.9768
1335860507	2.9497	2.3132	2.9349
1335860707	2.9029	2.4299	2.8987
1335860907	2.8421	2.5393	2.8366
1335861107	2.7678	2.6407	2.7625
1335861307	2.6813	2.7320	2.6666
1335861507	2.5841	2.8117	2.5828
1335861707	2.4781	2.8783	2.4684
1335861907	2.3642	2.9313	2.3636
1335862107	2.2445	2.9697	2.2419
1335862307	2.1209	2.9927	2.1178
1335862507	1.9959	3.0000	1.9889
1335862707	1.8705	2.9916	1.8648
1335862907	1.7471	2.9675	1.7366
1335863107	1.6277	2.9281	1.6206
1335863307	1.5147	2.8743	1.5166
1335863507	1.4088	2.8065	1.4038
1335863707	1.3123	2.7260	1.3063
1335863907	1.2267	2.6340	1.2249
1335864107	1.1535	2.5324	1.1508
1335864307	1.0934	2.4220	1.0887
1335864507	1.0476	2.3049	1.0404
1335864707	1.0170	2.1835	1.0114
1335864907	1.0017	2.0588	0.9993
1335865107	1.0022	1.9331	0.9646
1335865307	1.0185	1.8084	1.0105
1335865507	1.0502	1.6873	1.0444
1335865707	1.0969	1.5706	1.0919
1335865907	1.1579	1.4607	1.1564
1335866107	1.2322	1.3593	1.2273
1335866307	1.3183	1.2684	1.3087
1335866507	1.4154	1.1886	1.4062
1335866707	1.5219	1.1217	1.5215
1335866907	1.6358	1.0687	1.6278
1335867107	1.7550	1.0305	1.7407
1335867307	1.8786	1.0074	1.8728
1335867507	2.0041	1.0000	1.9953
1335867707	2.1295	1.0084	2.1218
1335867907	2.2524	1.0324	2.2363
1335868107	2.3718	1.0717	2.3644
1335868307	2.4853	1.1257	2.4716
1335868507	2.5912	1.1935	2.5860
1335868707	2.6873	1.2736	2.6738
1335868907	2.7730	1.3656	2.7641
1335869107	2.8465	1.4676	2.8439
1335869307	2.9066	1.5780	2.8938
1335869507	2.9522	1.6946	2.9470
1335869707	2.9830	1.8165	2.9793
1335869907	2.9983	1.9412	2.9897
1335870107	2.9978	2.0669	2.9881
1335870307	2.9815	2.1916	2.9720
1335870507	2.9497	2.3132	2.9438
1335870707	2.9029	2.4299	2.8979
1335870907	2.8421	2.5393	2.8374
1335871107	2.7678	2.6407	2.7593
1335871307	2.6813	2.7320	2.6924
1335871507	2.5841	2.8117	2.5691
1335871707	2.4781	2.8783	2.4708
1335871907	2.3642	2.9313	2.3676
1335872107	2.2445	2.9697	2.2330
1335872307	2.1209	2.9927	2.1130
1335872507	1.9959	3.0000	1.9953
1335872707	1.8705	2.9916	1.8648
1335872907	1.7471	2.9675	1.7342
1335873107	1.6277	2.9281	1.6262
1335873307	1.5147	2.8743	1.5086
1335873507	1.4088	2.8065	1.4062
1335873707	1.3123	2.7260	1.3095
1335873907	1.2267	2.6340	1.2209
1335874107	1.1535	2.5324	1.1467
1335874307	1.0934	2.4220	1.0871
1335874507	1.0476	2.3049	1.0444
1335874707	1.0170	2.1835	1.0081
1335874907	1.0017	2.0588	0.9985
1335875107	1.0022	1.9331	0.9968
1335875307	1.0185	1.8084	1.0138
1335875507	1.0502	1.6873	1.0484
1335875707	1.0969	1.5706	1.0927
1335875907	1.1579	1.4607	1.1459
1335876107	1.2322	1.3593	1.2314
1335876307	1.3183	1.2684	1.3119
1335876507	1.4154	1.1886	1.4119
1335876707	1.5219	1.1217	1.5134
1335876907	1.6358	1.0687	1.6295
1335877107	1.7550	1.0305	1.7471
1335877307	1.8786	1.0074	1.8688
1335877507	2.0041	1.0000	1.9937
1335877707	2.1295	1.0084	2.1170
1335877907	2.2524	1.0324	2.2419
1335878107	2.3718	1.0717	2.3547
1335878307	2.4853	1.1257	2.4740
1335878507	2.5912	1.1935	2.5868
1335878707	2.6873	1.2736	2.6835
1335878907	2.7730	1.3656	2.7593
1335879107	2.8465	1.4676	2.8310
1335879307	2.9066	1.5780	2.9011
1335879507	2.9522	1.6946	2.9341
1335879707	2.9830	1.8165	2.9768
1335879907	2.9983	1.9412	2.9922
1335880107	2.9978	2.0669	2.9938
1335880307	2.9815	2.1916	2.9744
1335880507	2.9497	2.3132	2.9478
1335880707	2.9029	2.4299	2.8898
1335880907	2.8421	2.5393	2.8286
1335881107	2.7678	2.6407	2.7617
1335881307	2.6813	2.7320	2.6698
1335881507	2.5841	2.8117	2.5659
1335881707	2.4781	2.8783	2.4659
1335881907	2.3642	2.9313	2.3523
1335882107	2.2445	2.9697	2.2387
1335882307	2.1209	2.9927	2.1138
1335882507	1.9959	3.0000	1.9937
1335882707	1.8705	2.9916	1.8583
1335882907	1.7471	2.9675	1.7390
1335883107	1.6277	2.9281	1.6246
1335883307	1.5147	2.8743	1.5013
1335883507	1.4088	2.8065	1.3708
1335883707	1.3123	2.7260	1.3031
1335883907	1.2267	2.6340	1.2177
1335884107	1.1535	2.5324	1.1492
1335884307	1.0934	2.4220	1.0895
1335884507	1.0476	2.3049	1.0420
1335884707	1.0170	2.1835	1.0105
1335884907	1.0017	2.0588	0.9968
1335885107	1.0022	1.9331	0.9993
1335885307	1.0185	1.8084	0.9815
1335885507	1.0502	1.6873	1.0541
1335885707	1.0969	1.5706	1.0936
1335885907	1.1579	1.4607	1.1516
1335886107	1.2322	1.3593	1.2297
1335886307	1.3183	1.2684	1.3160
1335886507	1.4154	1.1886	1.3764
1335886707	1.5219	1.1217	1.5199
1335886907	1.6358	1.0687	1.6278
1335887107	1.7550	1.0305	1.7439
1335887307	1.8786	1.0074	1.8744
1335887507	2.0041	1.0000	2.0010
1335887707	2.1295	1.0084	2.1178
1335887907	2.2524	1.0324	2.2451
1335888107	2.3718	1.0717	2.3620
1335888307	2.4853	1.1257	2.4748
1335888507	2.5912	1.1935	2.5828
1335888707	2.6873	1.2736	2.6803
1335888907	2.7730	1.3656	2.7673
1335889107	2.8465	1.4676	2.8358
1335889307	2.9066	1.5780	2.9035
1335889507	2.9522	1.6946	2.9406
1335889707	2.9830	1.8165	2.9817
1335889907	2.9983	1.9412	2.9905
1335890107	2.9978	2.0669	2.9914
1335890307	2.9815	2.1916	2.9712
1335890507	2.9497	2.3132	2.9414
1335890707	2.9029	2.4299	2.8632
1335890907	2.8421	2.5393	2.8415
1335891107	2.7678	2.6407	2.7617
1335891307	2.6813	2.7320	2.6658
1335891507	2.5841	2.8117	2.5788
1335891707	2.4781	2.8783	2.4772
1335891907	2.3642	2.9313	2.3539
1335892107	2.2445	2.9697	2.2371
1335892307	2.1209	2.9927	2.1154
1335892507	1.9959	3.0000	1.9808
1335892707	1.8705	2.9916	1.8736
1335892907	1.7471	2.9675	1.7463
1335893107	1.6277	2.9281	1.6222
1335893307	1.5147	2.8743	1.5118
1335893507	1.4088	2.8065	1.4014
1335893707	1.3123	2.7260	1.3071
1335893907	1.2267	2.6340	1.2185
1335894107	1.1535	2.5324	1.1508
1335894307	1.0934	2.4220	1.0887
1335894507	1.0476	2.3049	1.0420
1335894707	1.0170	2.1835	1.0089
1335894907	1.0017	2.0588	0.9823
1335895107	1.0022	1.9331	0.9977
1335895307	1.0185	1.8084	1.0138
1335895507	1.0502	1.6873	1.0452
1335895707	1.0969	1.5706	1.0936
1335895907	1.1579	1.4607	1.1548
1335896107	1.2322	1.3593	1.2233
1335896307	1.3183	1.2684	1.3136
1335896507	1.4154	1.1886	1.4151
1335896707	1.5219	1.1217	1.5142
1335896907	1.6358	1.0687	1.6303
1335897107	1.7550	1.0305	1.7141
1335897307	1.8786	1.0074	1.8712
1335897507	2.0041	1.0000	2.0050
1335897707	2.1295	1.0084	2.1202
1335897907	2.2524	1.0324	2.2427
1335898107	2.3718	1.0717	2.3579
1335898307	2.4853	1.1257	2.4780
1335898507	2.5912	1.1935	2.5723
1335898707	2.6873	1.2736	2.6771
1335898907	2.7730	1.3656	2.7641
1335899107	2.8465	1.4676	2.8390
1335899307	2.9066	1.5780	2.9043
1335899507	2.9522	1.6946	2.9422
1335899707	2.9830	1.8165	2.9712
1335899907	2.9983	1.9412	2.9833
1335900107	2.9978	2.0669	2.9946
1335900307	2.9815	2.1916	2.9728
1335900507	2.9497	2.3132	2.9382
1335900707	2.9029	2.4299	2.8947
1335900907	2.8421	2.5393	2.8221
1335901107	2.7678	2.6407	2.7641
1335901307	2.6813	2.7320	2.6634
1335901507	2.5841	2.8117	2.5683
1335901707	2.4781	2.8783	2.4595
1335901907	2.3642	2.9313	2.3628
1335902107	2.2445	2.9697	2.2451
1335902307	2.1209	2.9927	2.1138
1335902507	1.9959	3.0000	1.9913
1335902707	1.8705	2.9916	1.8688
1335902907	1.7471	2.9675	1.7423
1335903107	1.6277	2.9281	1.6166
1335903307	1.5147	2.8743	1.5134
1335903507	1.4088	2.8065	1.4054
1335903707	1.3123	2.7260	1.3023
1335903907	1.2267	2.6340	1.2201
1335904107	1.1535	2.5324	1.1524
1335904307	1.0934	2.4220	1.0855
1335904507	1.0476	2.3049	1.0178
1335904707	1.0170	2.1835	1.0122
1335904907	1.0017	2.0588	0.9977
1335905107	1.0022	1.9331	0.9993
1335905307	1.0185	1.8084	1.0138
1335905507	1.0502	1.6873	1.0468
1335905707	1.0969	1.5706	1.0936
1335905907	1.1579	1.4607	1.1540
1335906107	1.2322	1.3593	1.2281
1335906307	1.3183	1.2684	1.3144
1335906507	1.4154	1.1886	1.4135
1335906707	1.5219	1.1217	1.5223
1335906907	1.6358	1.0687	1.6311
1335907107	1.7550	1.0305	1.7519
1335907307	1.8786	1.0074	1.8688
1335907507	2.0041	1.0000	1.9945
1335907707	2.1295	1.0084	2.1170
1335907907	2.2524	1.0324	2.2467
1335908107	2.3718	1.0717	2.3604
1335908307	2.4853	1.1257	2.4788
1335908507	2.5912	1.1935	2.5771
1335908707	2.6873	1.2736	2.6682
1335908907	2.7730	1.3656	2.7689
1335909107	2.8465	1.4676	2.8294
1335909307	2.9066	1.5780	2.8955
1335909507	2.9522	1.6946	2.9446
1335909707	2.9830	1.8165	2.9825
1335909907	2.9983	1.9412	2.9881
1335910107	2.9978	2.0669	2.9857
1335910307	2.9815	2.1916	2.9720
1335910507	2.9497	2.3132	2.9430
1335910707	2.9029	2.4299	2.9027
1335910907	2.8421	2.5393	2.8374
1335911107	2.7678	2.6407	2.7641
1335911307	2.6813	2.7320	2.6489
1335911507	2.5841	2.8117	2.5723
1335911707	2.4781	2.8783	2.4748
1335911907	2.3642	2.9313	2.3571
1335912107	2.2445	2.9697	2.2371
1335912307	2.1209	2.9927	2.1186
1335912507	1.9959	3.0000	1.9905
1335912707	1.8705	2.9916	1.8672
1335912907	1.7471	2.9675	1.7455
1335913107	1.6277	2.9281	1.6222
1335913307	1.5147	2.8743	1.5126
1335913507	1.4088	2.8065	1.4030
1335913707	1.3123	2.7260	1.3232
1335913907	1.2267	2.6340	1.2177
1335914107	1.1535	2.5324	1.1492
1335914307	1.0934	2.4220	1.0911
1335914507	1.0476	2.3049	1.0404
1335914707	1.0170	2.1835	1.0146
1335914907	1.0017	2.0588	0.9977
1335915107	1.0022	1.9331	0.9985
1335915307	1.0185	1.8084	1.0138
1335915507	1.0502	1.6873	1.0452
1335915707	1.0969	1.5706	1.0936
1335915907	1.1579	1.4607	1.1492
1335916107	1.2322	1.3593	1.2297
1335916307	1.3183	1.2684	1.3136
1335916507	1.4154	1.1886	1.4095
1335916707	1.5219	1.1217	1.5199
1335916907	1.6358	1.0687	1.6303
1335917107	1.7550	1.0305	1.7503
1335917307	1.8786	1.0074	1.8672
1335917507	2.0041	1.0000	1.9953
1335917707	2.1295	1.0084	2.1186
1335917907	2.2524	1.0324	2.2451
1335918107	2.3718	1.0717	2.3628
1335918307	2.4853	1.1257	2.4708
1335918507	2.5912	1.1935	2.5836
1335918707	2.6873	1.2736	2.6448
1335918907	2.7730	1.3656	2.7786
1335919107	2.8465	1.4676	2.8342
1335919307	2.9066	1.5780	2.8955
1335919507	2.9522	1.6946	2.9382
1335919707	2.9830	1.8165	2.9752
1335919907	2.9983	1.9412	2.9889
1335920107	2.9978	2.0669	2.9897
1335920307	2.9815	2.1916	2.9688
1335920507	2.9497	2.3132	2.9470
1335920707	2.9029	2.4299	2.8987
1335920907	2.8421	2.5393	2.8366
1335921107	2.7678	2.6407	2.7577
1335921307	2.6813	2.7320	2.6747
1335921507	2.5841	2.8117	2.5796
1335921707	2.4781	2.8783	2.4700
1335921907	2.3642	2.9313	2.3289
1335922107	2.2445	2.9697	2.2338
1335922307	2.1209	2.9927	2.1146
1335922507	1.9959	3.0000	1.9905
1335922707	1.8705	2.9916	1.8640
1335922907	1.7471	2.9675	1.7447
1335923107	1.6277	2.9281	1.6262
1335923307	1.5147	2.8743	1.5126
1335923507	1.4088	2.8065	1.4030
1335923707	1.3123	2.7260	1.3063
1335923907	1.2267	2.6340	1.2193
1335924107	1.1535	2.5324	1.1500
1335924307	1.0934	2.4220	1.0855
1335924507	1.0476	2.3049	1.0428
1335924707	1.0170	2.1835	1.0097
1335924907	1.0017	2.0588	0.9993
1335925107	1.0022	1.9331	0.9952
1335925307	1.0185	1.8084	1.0186
1335925507	1.0502	1.6873	1.0436
1335925707	1.0969	1.5706	1.0936
1335925907	1.1579	1.4607	1.1540
1335926107	1.2322	1.3593	1.2209
1335926307	1.3183	1.2684	1.3127
1335926507	1.4154	1.1886	1.4046
1335926707	1.5219	1.1217	1.5174
1335926907	1.6358	1.0687	1.5964
1335927107	1.7550	1.0305	1.7471
1335927307	1.8786	1.0074	1.8760
1335927507	2.0041	1.0000	1.9977
1335927707	2.1295	1.0084	2.1226
1335927907	2.2524	1.0324	2.2347
1335928107	2.3718	1.0717	2.3612
1335928307	2.4853	1.1257	2.4821
1335928507	2.5912	1.1935	2.5763
1335928707	2.6873	1.2736	2.6738
1335928907	2.7730	1.3656	2.7617
1335929107	2.8465	1.4676	2.8068
1335929307	2.9066	1.5780	2.8938
1335929507	2.9522	1.6946	2.9349
1335929707	2.9830	1.8165	2.9809
1335929907	2.9983	1.9412	2.9922
1335930107	2.9978	2.0669	2.9905
1335930307	2.9815	2.1916	2.9712
1335930507	2.9235	2.3836	25.0679
1335930707	2.7921	2.6104	0.6745
1335930907	2.6063	2.7952	20.9886
1335931107	2.3789	2.9254	25.3612
1335931307	2.1255	2.9921	2.4643
1335931507	1.9939	3.0000	44.4456
3020136627	1.7348	2.9642	35.1202
3041899599	1.4934	2.8622	23.5255
3075454543	1.2868	2.7009	16.0648
3092232015	1.1292	2.4916	18.5259
3125786959	1.0314	2.2484	30.3133
3142564687	1.0001	1.9882	2.5377
3176119375	1.0375	1.7289	43.9186
3192897103	1.1410	1.4881	47.0042
3226451791	1.3035	1.2825	15.2767
3260006735	1.5138	1.1262	49.2228
3276784207	1.7575	1.0298	43.6035
3310339151	2.0179	1.0002	47.1066
3332425039	2.1488	1.0111	5.0511
463492000	2.4006	1.0837	16.8473
2879447968	2.6249	1.2193	2.2774
1000371104	2.8062	1.4084	2.4845
3416261536	2.9323	1.6382	2.6924
1537250208	2.9942	1.8928	2.8987
3953140640	2.9914	2.1305	2.8995
2074129312	2.9235	2.3836	2.8995
195052448	2.7921	2.6104	2.8995
2611008416	2.6063	2.7952	2.6932
731931552	2.3789	2.9254	2.4861
3147887520	2.1255	2.9921	2.2790
1268810656	1.7353	2.9643	46.0138
3684701088	2.7896	1.3864	1.8648
1805689760	1.0386	2.2751	1.6577
4221580192	2.9726	2.2326	1.4497
2342568864	1.1842	1.4217	1.2426
463492000	2.5410	2.8410	1.0355
2879447968	1.9412	1.0017	1.0355
1000371104	1.6820	2.9481	0.8284
3416261536	2.7423	1.3300	0.8284
3897529248	1.0612	2.3446	1.0355
2699665487	2.9871	2.1604	1.0355
2068834995	1.1441	1.4828	1.2426
195052448	2.4920	2.8706	1.4497
2611008416	2.8665	2.4991	1.8632
731931552	1.4898	1.1399	16.2292
3147887520	2.1523	2.9883	23.9034
1268810656	2.7730	1.3656	28.6701
3684701088	2.8768	1.5192	22.2804
2695057312	2.9716	1.7635	3.6618
4147355755	2.9997	2.0240	20.6824
1341607840	2.9658	2.2593	2.8995
4182745336	2.8653	2.5013	2.8995
4216322639	2.7053	2.7089	2.6932
4233100111	2.4969	2.8678	50.9667
2688286031	2.2544	2.9671	51.6678
2697699331	1.9944	3.0000	46.0823
2707136915	1.8634	2.9906	34.5053
2716573987	1.6107	2.9211	23.7318
75211187	1.3848	2.7883	17.0923
105841999	1.2011	2.6014	17.9095
122619471	1.0723	2.3732	30.1045
156174415	1.0071	2.1194	2.5360
172951887	1.0195	1.8034	43.7147
206506831	2.8365	2.5479	49.2744
223284559	1.5404	1.1119	15.6974
256839247	2.0955	2.9954	50.2503
273616975	2.4057	1.0860	43.6035
307171663	1.2828	2.6969	48.1429
340726607	1.7372	2.9649	4.6297
357504079	2.7024	1.2882	14.1719
391059023	1.0386	2.2751	2.0711
407836751	2.9947	2.1031	2.2782
441391439	1.1842	1.4217	2.4853
458169167	2.5415	2.8407	2.6924
491723855	1.9412	1.0017	2.8995
525278799	1.5609	2.8985	2.8995
542056271	2.7427	1.3303	2.8995
575611215	1.0243	2.2191	2.6932
592388687	2.9870	2.1609	2.6924
1327779745	1.2189	1.3755	2.4853
3684766501	2.4916	2.8708	23.5271
1327976230	2.7940	2.6079	10.0781
1328107304	1.4903	1.1397	1.3675
1328172841	2.0220	2.9998	46.7206
1328303915	2.3527	1.0643	40.9136
1328369453	1.2335	2.6423	47.2919
1328500526	2.9506	1.6897	14.7658
1328631600	1.0195	1.8034	47.0502
1328697137	2.8365	2.5479	44.1168
1328828211	1.5404	1.1119	4.9335
2704625460	1.4035	1.1974	31.6212
1129264763	2.4057	1.0860	20.2053
944704417	1.2828	2.6969	19.1513
1331902799	1.7372	2.9649	24.7222
3147953057	2.7024	1.2882	34.2628
1268876193	1.0386	2.2751	2.0711
3684766625	2.9947	2.1031	2.4845
1805755297	1.1842	1.4217	2.4853
2705498419	2.5415	2.8407	2.6924
2342634319	1.9412	1.0017	2.8995
1179600289	1.0519	1.6820	2.8995
2705826275	2.5013	1.1347	2.8995
55136115	2.9994	2.0358	0.0000
67306063	2.7495	2.6620	0.0000
151521094	1.0975	1.5692	6.5871
4094429962	1.1195	2.4741	6.6653
286265102	2.4960	2.8683	6.8716
2375488694	1.4611	2.8424	6.8716
460224899	2.8876	1.5395	7.0779
522067228	1.1089	1.5463	7.2842
606282016	2.3888	1.0787	33.6906
656811300	2.8065	2.5912	33.6294
2897657896	1.5080	2.8706	33.7905
2038667169	2.3455	2.9384	33.7454
1348101487	2.9219	1.6126	33.7003
657538118	2.6772	1.2642	33.6552
4110289693	1.0307	1.7540	33.8163
299229162	1.6249	1.0730	33.7712
2544020662	1.2234	1.3700	33.7261
421009174	2.9817	2.1906	33.6810
505224218	1.6766	2.9463	33.6358
572596255	2.8930	1.5499	33.7970
639968292	1.7343	2.9640	33.7519
724183079	1.7343	2.9640	33.7067
1862309793	1.7343	2.9640	33.6616
122048515	1.7343	2.9640	33.8228
201853479	1.8629	2.9906	33.7777
266276108	1.9939	3.0000	33.7325
2897613072	2.1249	2.9922	33.6874
404199330	2.2539	2.9672	33.6423
825957402	2.3784	2.9256	33.8034
135404583	2.6055	2.7958	33.7583
669643774	2.7046	2.7096	33.7132
724183336	2.7915	2.6112	33.6681
791555372	2.7918	2.6108	33.8292
50462976	2.8650	2.5018	33.7841
117835012	2.8650	2.5018	33.7390
185207048	2.7921	2.6104	33.6938
235736076	2.7918	2.6108	33.6487
303108111	2.7053	2.7089	33.8099
370480147	2.6063	2.7952	33.7648
437852183	2.4969	2.8678	33.7196
505224219	2.3784	2.9256	33.6745
572596255	2.2539	2.9672	33.6294
623125539	2.1249	2.9922	33.7905
690497318	1.9939	3.0000	13.0606
757869354	1.8629	2.9906	13.2669
16789294	1.7343	2.9640	13.4732
218959374	1.7343	2.9640	13.4732
185273356	1.7343	2.9640	13.6795
151587338	1.7343	2.9640	13.8858
101123848	1.8629	2.9906	14.0921
84215046	1.9939	3.0000	14.2984
3922985989	1.2445	1.3449	14.2984
84215044	1.0672	2.3604	14.5047
2097612294	1.3876	2.7905	14.7110
3644633362	2.7842	1.3795	14.9173
4119856763	1.0275	1.7670	14.9173
1040827489	1.0377	2.2721	15.1236
1871152745	2.0939	2.9956	15.3299
1623394626	1.9882	1.0001	15.5362
1843625212	2.5924	1.1944	15.7425
61357013	1.2129	1.3832	15.7425
117901428	2.9786	2.2056	15.9488
84215302	1.0219	2.2081	16.1551
67372293	2.2864	1.0419	16.3614
84214788	1.9377	2.9981	16.3614
101057797	1.1551	2.5350	16.5677
151521031	2.0399	2.9992	16.7740
185207305	1.9944	3.0000	16.9803
218893323	1.8634	2.9906	33.6906
1749617597	1.7348	2.9642	33.8099
997095547	1.7343	2.9640	33.7648
4049453839	1.7343	2.9640	33.7196
3765829491	1.7343	2.9640	33.6745
1896523299	1.8624	2.9905	33.6294
1489981660	1.9934	3.0000	33.7905
256415207	2.1244	2.9922	33.7454
3956854760	2.2534	2.9674	33.7003
4053225748	2.3780	2.9258	33.6552
3848263006	2.4960	2.8683	33.8163
1286409849	2.6059	2.7955	33.7712
2047376090	2.7049	2.7093	33.7261
298217465	2.7918	2.6108	33.6810
2138796612	2.7918	2.6108	33.6358
2936619884	2.8650	2.5018	33.7970
185391967	2.8650	2.5018	33.7519
111230219	2.7918	2.6108	33.7067
3511868536	2.7918	2.6108	33.6616
1267591771	2.7049	2.7093	33.8228
3604475154	2.6059	2.7955	33.7777
2487883246	2.3789	2.9254	33.7325
1591106802	2.2544	2.9671	33.6874
2970383592	2.1255	2.9921	33.6423
185207361	1.9944	3.0000	33.8034
218958860	1.8634	2.9906	33.7583
2036812557	1.7348	2.9642	33.7132
25218	1.7343	2.9640	33.6681
3405775103	1.0076	2.1234	33.8292
1537315745	3.0000	2.0072	33.7841
3953206177	3.0000	2.0000	33.7390
1320374177	2.9659	1.7412	16.3646
2709213089	1.4457	1.1677	16.3848
2701893955	1.4461	1.1674	35.3644
2711331283	1.4461	1.1674	23.8559
2703991139	1.4466	1.1671	12.3031
2713428467	1.4470	1.1668	0.7503
2706088323	1.4474	1.1665	16.3880
2715525395	1.4474	1.1665	16.3880
2708185507	1.4478	1.1663	16.3888
2717622579	1.4483	1.1660	16.3896
2710282691	1.4487	1.1657	16.3904
2702942547	1.9402	1.0018	16.3904
2712379875	1.1110	1.5422	16.3912
2705039731	1.1590	2.5410	16.3920
2714476803	2.0480	2.9988	16.3928
2707136915	2.8890	2.4578	16.3936
1340842275	2.0480	2.9988	32.1079
1134656417	2.8890	2.4578	20.5551
3550546849	2.8410	1.4590	9.0023
1671535521	1.9520	1.0012	50.2623
4087425953	2.8410	1.4590	38.7095
2208414625	1.9520	1.0012	27.1567
329337761	1.1110	1.5422	15.6039
2745293729	1.1590	2.5410	4.0511
866216865	2.0480	2.9988	45.3111
1968141473	1.1590	2.5410	33.7583
2001696335	2.0480	2.9988	22.2055
2018474063	1.4542	1.1621	10.6527
2052028751	1.4547	1.1618	51.9127
2085583695	1.4551	1.1615	40.3599
2102361167	1.4551	1.1615	28.8071
592412239	1.4555	1.1612	17.2543
2152693583	1.4560	1.1609	5.6338
2186248527	1.4564	1.1607	46.9615
2203026255	1.4568	1.1604	35.4087
2236580943	1.4568	1.1604	23.8559
2706343503	1.4572	1.1601	12.3031
2709758395	1.4577	1.1598	0.7503
2702418251	1.4581	1.1596	42.0103
2711855579	1.4581	1.1596	30.4575
2704515435	1.4585	1.1593	18.9047
2713952763	1.4590	1.1590	7.3519
2706612619	1.1112	1.5417	48.6119
2716049691	1.9520	1.0012	37.0591
2706350507	1.1110	1.5422	25.5063
2701369659	1.1590	2.5410	13.9535
2710806987	2.0480	2.9988	2.4007
1335381911	2.8890	2.4578	16.4291
1335447448	2.0480	2.9988	16.4138
1335578522	2.8890	2.4578	16.4146
1335644060	2.8410	1.4590	16.4154
1335775133	1.9520	1.0012	16.4162
1335840671	2.8410	1.4590	16.4162
1335971744	1.9520	1.0012	16.4170
1336102818	1.1110	1.5422	16.4178
1336168355	1.1590	2.5410	16.4186
1336299429	2.0480	2.9988	16.4194
1336364966	1.1590	2.5410	16.4194
1336496040	2.0480	2.9988	16.4202
1336561578	1.4650	1.1551	16.4210
1336692651	1.4654	1.1549	16.4218
1336823725	1.4659	1.1546	16.4218
1538215883	1.4659	1.1546	16.4226
3953206177	1.4663	1.1543	16.4291
2074194849	1.4667	1.1541	33.6938
195117985	1.4672	1.1538	33.6487
2611073953	1.4676	1.1535	33.8099
3097584545	1.4676	1.1535	33.7648
3109009487	1.4680	1.1532	33.7196
1337623375	1.4685	1.1530	33.6745
1337741243	1.4689	1.1527	33.6294
1337806780	1.4689	1.1527	33.7905
1337937854	1.4693	1.1524	33.7454
1338003391	1.4698	1.1522	33.7003
1338134465	1.4702	1.1519	33.6552
1338200003	1.4706	1.1516	33.8163
1338331076	1.4706	1.1516	33.7712
3343884742	1.4711	1.1513	33.7261
3360671567	1.4715	1.1511	33.6810
3394226511	1.4719	1.1508	16.4339
1338658721	1.4724	1.1505	16.4339
1338789835	1.4724	1.1505	16.4347
1338920909	1.4728	1.1503	16.4355
1338986446	1.4732	1.1500	16.4363
1339117520	1.4737	1.1497	16.4363
2713407441	1.4737	1.1497	16.4371
2706088323	1.4741	1.1495	16.4379
2715525395	1.4745	1.1492	16.4388
2708185507	1.4750	1.1489	16.4396
3640369459	1.4754	1.1486	16.4396
2713931681	2.4038	2.9148	16.4404
2706612619	2.3451	2.9386	16.4412
2716049691	2.2196	2.9756	16.4420
1332978091	2.0904	2.9959	16.4420
3416327073	2.0904	2.9959	28.8071
1537315745	1.9596	2.9992	17.2543
3953206177	1.8295	2.9854	5.7015
2074194849	1.7024	2.9547	46.9615
1872839585	1.5803	2.9077	35.4087
1179671141	1.5803	2.9077	23.8559
489107772	1.4654	2.8451	12.3031
218892307	1.3597	2.7681	0.7503
286265102	1.2649	2.6780	0.5633
353637138	1.2649	2.6780	0.8276
421009174	1.1827	2.5762	1.2418
488381210	1.1145	2.4646	1.6560
555753246	1.0614	2.3451	2.0703
606348066	1.0244	2.2196	2.4845
673654309	1.0244	2.2196	2.6916
741026345	1.0041	2.0904	3.1058
3092013	1.0008	1.9596	3.5200
67305985	1.0146	1.8295	3.9342
134678021	1.0453	1.7024	4.3484
202050057	1.0453	1.7024	4.7626
3574467852	1.0923	1.5803	5.1768
3066153744	1.1549	1.4654	5.5911
2375525036	1.2319	1.3597	6.0053
1684961667	1.2319	1.3597	6.4195
994398298	1.3220	1.2649	6.8337
303834929	1.4238	1.1827	7.2479
3925081608	1.5354	1.1145	7.4558
3234518495	1.6549	1.0614	7.8692
782347446	1.6549	1.0614	8.2834
1701804419	1.7804	1.0244	8.6977
1011241050	1.9096	1.0041	35.6303
320677681	2.0404	1.0008	31.2811
3941924360	2.0404	1.0008	27.1390
3251361247	2.1705	1.0146	22.9968
2544020662	2.2976	1.0453	18.6484
1853457293	2.4197	1.0923	14.5055
505240164	2.5346	1.1549	10.1571
572596255	2.5346	1.1549	6.0141
623125539	2.6403	1.2319	1.6657
690497318	2.7351	1.3220	50.5420
757869354	2.8173	1.4238	46.1936
16789294	2.8173	1.4238	42.0506
84148994	1.2260	2.6332	37.7022
151521030	1.2445	2.6551	33.5593
218893322	1.2635	2.6765	29.2100
286265102	1.2832	2.6973	5.2631
353637138	1.2158	2.6205	5.5911
421009174	1.2338	2.6427	6.0053
488381210	1.2526	2.6643	6.4195
523968069	1.2719	2.6855	6.8337
589439264	1.2918	2.7060	7.2479
639968292	1.2234	2.6300	7.4558
707340327	1.2418	2.6520	7.8692
774712363	1.2608	2.6735	8.2834
234946607	1.2804	2.6943	8.6977
202181902	1.2132	2.6172	9.1119
168495884	2.5337	2.8457	9.5261
134809866	2.4646	2.8855	0.0379
101058311	2.3451	2.9386	0.4134
84215045	2.2196	2.9756	0.8276
67372036	2.2196	2.9756	1.2418
84215045	2.0904	2.9959	1.6560
117900806	1.9596	2.9992	2.0703
168364296	1.8295	2.9854	2.4845
202115850	1.8295	2.9854	2.6916
235736332	1.7024	2.9547	3.1058
235802126	1.5803	2.9077	3.5200
219024910	2.9992	2.0404	3.9342
1761443597	2.9854	2.1705	4.3484
58999772	2.9854	2.1705	4.7626
3477855859	2.9547	2.2976	5.1768
1234366041	2.9077	2.4197	5.5911
3620923404	2.8451	2.5346	6.0053
2538541802	2.8451	2.5346	6.4195
1523802611	2.7681	2.6403	6.8337
2785703912	2.6780	2.7351	7.2479
75031884	2.5762	2.8173	7.4558
3413047935	2.4646	2.8855	7.8692
2020622603	2.4646	2.8855	8.2834
205743737	2.3451	2.9386	8.6977
2196990396	2.2196	2.9756	9.1119
970419712	2.0904	2.9959	9.5261
3865903770	1.9596	2.9992	0.0379
3829649744	1.9596	2.9992	0.4134
3758901654	1.8295	2.9854	0.8276
317248724	1.7024	2.9547	1.2418
1626375497	1.5803	2.9077	1.6560
2112510416	1.5803	2.9077	2.0703
3729370131	1.4654	2.8451	2.4845
4269407353	1.3597	2.7681	2.6916
1191950958	1.2649	2.6780	3.1058
1819836526	1.1827	2.5762	3.5200
1437925697	1.1827	2.5762	37.5612
1811512561	1.1145	2.4646	4.4709
128597469	1.0614	2.3451	4.7626
3596410488	1.0244	2.2196	5.1768
1234103124	1.0244	2.2196	5.5911
3655002388	1.0041	2.0904	6.0053
2454656716	1.0008	1.9596	6.4195
1507417580	1.0146	1.8295	6.8337
2887023330	1.0453	1.7024	7.2479
4269008709	1.0453	1.7024	7.4558
3328504192	1.0923	1.5803	7.8692
2104183822	1.1626	1.4534	8.2834
25221	1.2319	1.3597	8.6977
184549631	1.2319	1.3597	9.1119
2714980257	1.3220	1.2649	9.5261
2707661211	2.9547	2.2976	0.0379
2717098283	2.8653	2.5013	2.8890
2709758395	2.7053	2.7089	2.6932
2702418251	2.4969	2.8678	2.4861
2711855579	2.2544	2.9671	2.2790
2704515435	1.9944	3.0000	2.0719
2713952763	1.8634	2.9906	1.8648
1341360975	1.6107	2.9211	1.6577
1341476852	1.3848	2.7883	1.4497
1341542389	1.2011	2.6014	1.2426
1341673463	1.0723	2.3732	1.0355
1341739001	1.0071	2.1194	1.0355
1341870074	1.0102	1.8573	0.8284
1341935612	1.0813	1.6051	0.8284
1342066685	1.2154	1.3799	1.0355
1325420543	1.4035	1.1974	1.0355
1325485824	1.6325	1.0700	1.2426
1325616898	1.8867	1.0064	1.4497
1325682435	2.0184	1.0002	1.8632
1325813509	2.2770	1.0391	2.0703
1325879047	2.5172	1.1441	2.2774
1326010120	2.7218	1.3079	2.4853
1326075658	2.8768	1.5192	2.6916
1403161355	2.9716	1.7635	2.8987
3819051938	2.9997	2.0240	2.8995
1940040610	2.9658	2.2593	2.8995
60963746	2.8653	2.5013	2.8995
2476919714	2.7053	2.7089	2.6932
597842850	2.4969	2.8678	2.4861
3013798818	2.2544	2.9671	2.2790
1326939042	1.9944	3.0000	2.0719
1327058712	1.8634	2.9906	1.8648
1327124249	1.6107	2.9211	1.6577
1327255323	1.3848	2.7883	1.4497
1327320860	1.2011	2.6014	1.2426
1327451934	1.0723	2.3732	1.0355
1327517472	1.0071	2.1194	1.0355
1327648545	1.0102	1.8573	0.8284
3282194211	1.0813	1.6051	0.8284
1403161506	1.2154	1.3799	1.0355
3819051938	1.4035	1.1974	1.0355
1940040610	1.6325	1.0700	1.2426
60963746	1.8867	1.0064	1.4497
2476919714	2.0184	1.0002	1.8632
597842850	2.6237	1.2183	2.0703
800301730	2.5172	1.1441	2.2774
827273295	2.7218	1.3079	2.4853
844051023	2.8768	1.5192	2.6916
877605711	2.9716	1.7635	2.6924
894383439	2.9997	2.0240	2.8995
927938127	2.9658	2.2593	2.8995
961493071	2.8653	2.5013	2.8995
978270543	2.7053	2.7089	2.6932
2721266511	2.4969	2.8678	2.4861
2730730235	2.2544	2.9671	2.2790
2723390091	1.9944	3.0000	2.0719
2732827163	1.8634	2.9906	1.8648
2725487275	1.4903	1.1397	1.6577
2718147131	2.0220	2.9998	1.4497
2727584459	2.3527	1.0643	1.2426
2720244315	1.2335	2.6423	1.0355
3008340715	2.9506	1.6897	1.0355
1134721954	1.0195	1.8034	0.8284
1336019874	2.8365	2.5479	0.8284
1330401099	1.5404	1.1119	1.0355
1330532173	2.0955	2.9954	44.9775
1330597710	2.4057	1.0860	46.6940
1330728784	1.2828	2.6969	3.8109
2745359186	1.7372	2.9649	4.4717
1431268258	2.7024	1.2882	23.9083
1448039759	1.0386	2.2751	28.0552
1481594703	2.9947	2.1031	20.4221
1498372431	2.9087	1.5826	0.9799
1531927119	2.9716	1.7635	20.8863
1565482063	2.9997	2.0240	23.6238
1582259535	2.9658	2.2593	12.4610
2720227151	2.8653	2.5013	37.5515
1632591951	2.7053	2.7089	50.2092
1666146895	2.4969	2.8678	51.2576
1682924623	2.2544	2.9671	45.0605
1716479311	1.9944	3.0000	34.0887
1733257039	1.8634	2.9906	24.5562
1766811727	1.6107	2.9211	18.9530
1800366671	1.3848	2.7883	18.3261
1817158363	1.2011	2.6014	30.7186
1850699087	1.0723	2.3732	2.1194
1867476559	1.0071	2.1194	44.1281
1901031503	1.7293	2.9627	47.6207
1917809231	2.7423	1.3300	16.3098
1951363919	1.0612	2.3446	50.6645
1984918863	2.9871	2.1604	44.0169
2001696335	1.1441	1.4828	47.3145
2035251279	2.4920	2.8706	1.7471
2052028751	2.8665	2.4991	15.1993
2085583695	1.4898	1.1399	25.3524
2102361423	2.1523	2.9883	27.2373
2135916111	2.3523	1.0641	22.2692
2152693839	1.3239	2.7368	3.8697
2723119439	2.9506	1.6897	23.1596
