time[us]	ref_X[V]	ref_Y[V]	sig_I[V]	sig_I_BS[V]	mix_X[V]	mix_Y[V]	X[V]	Y[V]	R[V]	T[deg]
4294965051	3.06453	1.32926	3.06297	1.36337	1.86036	-0.50545	0.99982	-0.00025	0.99982	-0.0144
4294965451	3.11390	1.71678	3.11587	1.41624	2.00242	0.02377	0.99987	0.00002	0.99987	0.0013
4294965651	3.09810	1.91144	3.09824	1.39859	1.95537	0.29572	0.99990	0.00017	0.99990	0.0099
4294965851	3.05563	2.10207	3.05496	1.35529	1.83727	0.54492	0.99992	0.00033	0.99992	0.0189
4294966051	2.98730	2.28503	2.98763	1.28795	1.65797	0.75349	0.99994	0.00049	0.99994	0.0280
4294966252	2.89441	2.45683	2.89465	1.19496	1.42727	0.90437	0.99995	0.00065	0.99995	0.0373
4294966451	2.77809	2.61494	2.77763	1.07792	1.16210	0.98623	0.99996	0.00081	0.99996	0.0464
4294966651	2.64248	2.75410	2.64298	0.94326	0.88900	0.99429	0.99995	0.00096	0.99995	0.0551
4294966851	2.48824	2.87391	2.49069	0.79096	0.62346	0.92851	0.99994	0.00111	0.99994	0.0633
4294967051	2.31897	2.97133	2.32077	0.62102	0.38440	0.78953	0.99992	0.00123	0.99992	0.0707
4294967251	2.13789	3.04449	2.13803	0.43827	0.19191	0.58925	0.99989	0.00135	0.99989	0.0771
155	1.94845	3.09200	1.95048	0.25071	0.06229	0.34899	0.99985	0.00144	0.99985	0.0823
355	1.75428	3.11296	1.75651	0.05674	0.00308	0.08016	0.99981	0.00150	0.99981	0.0860
555	1.55907	3.10696	1.56255	-0.13724	0.01934	-0.19309	0.99976	0.00154	0.99976	0.0880
755	1.36655	3.07412	1.36537	-0.33441	0.11151	-0.45952	0.99971	0.00154	0.99971	0.0883
955	1.18039	3.01507	1.17942	-0.52037	0.27039	-0.68432	0.99966	0.00151	0.99966	0.0867
1155	1.00414	2.93093	1.00790	-0.69189	0.48146	-0.85166	0.99961	0.00145	0.99961	0.0831
1355	0.84117	2.82330	0.84119	-0.85860	0.73739	-0.96447	0.99956	0.00135	0.99956	0.0776
1555	0.69458	2.69425	0.69371	-1.00608	1.01153	-1.00029	0.99952	0.00122	0.99952	0.0702
1755	0.56717	2.54623	0.56707	-1.13272	1.28317	-0.95854	0.99948	0.00106	0.99948	0.0610
1955	0.46138	2.38206	0.46127	-1.23851	1.53405	-0.84474	0.99944	0.00088	0.99944	0.0503
2155	0.37921	2.20489	0.37952	-1.32026	1.74378	-0.66658	0.99941	0.00067	0.99941	0.0384
2355	0.32224	2.01808	0.32341	-1.37636	1.89629	-0.43779	0.99939	0.00044	0.99939	0.0254
2555	0.29155	1.82520	0.29135	-1.40841	1.98367	-0.17634	0.99937	0.00021	0.99937	0.0118
2755	0.28774	1.62994	0.28654	-1.41321	1.99583	0.09901	0.99936	-0.00003	0.99936	-0.0020
2955	0.31068	1.43698	0.31219	-1.38755	1.92776	0.36495	0.99936	-0.00027	0.99936	-0.0156
3156	0.36017	1.24806	0.36189	-1.33785	1.79249	0.60463	0.99936	-0.00050	0.99936	-0.0287
3355	0.43567	1.06687	0.43562	-1.26410	1.59824	0.80034	0.99937	-0.00071	0.99937	-0.0408
3555	0.53441	0.89951	0.53501	-1.16470	1.35757	0.93233	0.99938	-0.00090	0.99938	-0.0516
3755	0.65582	0.74654	0.65684	-1.04286	1.08893	0.99433	0.99939	-0.00106	0.99939	-0.0608
3956	0.79716	0.61175	0.79630	-0.90339	0.81561	0.98311	0.99941	-0.00119	0.99941	-0.0681
4155	0.95656	0.49721	0.95660	-0.74307	0.55243	0.89376	0.99943	-0.00128	0.99943	-0.0733
4355	1.12848	0.40665	1.12813	-0.57154	0.32664	0.73920	0.99946	-0.00133	0.99946	-0.0763
4556	1.31215	0.34023	1.31248	-0.38718	0.15017	0.52647	0.99949	-0.00134	0.99949	-0.0771
4755	1.50419	0.29962	1.50484	-0.19481	0.03815	0.27280	0.99952	-0.00132	0.99952	-0.0757
4955	1.69803	0.28600	1.70041	0.00077	-0.00000	-0.00109	0.99956	-0.00126	0.99956	-0.0722
5155	1.89288	0.29922	1.89277	0.19315	0.03725	-0.27056	0.99960	-0.00117	0.99960	-0.0669
5355	2.08405	0.33916	2.08673	0.38712	0.14868	-0.52681	0.99964	-0.00105	0.99964	-0.0600
5555	2.26790	0.40505	2.26948	0.56987	0.32363	-0.73796	0.99969	-0.00090	0.99969	-0.0518
5755	2.44092	0.49566	2.44100	0.74141	0.54932	-0.89291	0.99974	-0.00074	0.99974	-0.0426
5955	2.59980	0.60924	2.59970	0.90011	0.80992	-0.98181	0.99979	-0.00057	0.99979	-0.0328
6155	2.74151	0.74362	2.74076	1.04118	1.08440	-0.99576	0.99985	-0.00040	0.99985	-0.0227
6355	2.86335	0.89626	2.86259	1.16302	1.35300	-0.93477	0.99990	-0.00022	0.99990	-0.0128
6555	2.96301	1.06422	2.96358	1.26401	1.59646	-0.80363	0.99995	-0.00006	0.99995	-0.0033
6756	3.03856	1.24432	3.04053	1.34096	1.79496	-0.61106	1.00001	0.00010	1.00001	0.0055
6955	3.08877	1.43407	3.09022	1.39066	1.93131	-0.36981	1.00006	0.00023	1.00006	0.0134
7155	3.11211	1.62698	3.10946	1.40990	1.99094	-0.10295	1.00010	0.00035	1.00010	0.0200
7355	3.10862	1.82324	3.10946	1.40990	1.98602	0.17375	1.00014	0.00044	1.00014	0.0254
7555	3.07820	2.01616	3.07740	1.37785	1.89895	0.43562	1.00017	0.00051	1.00017	0.0294
7756	3.02149	2.20304	3.02129	1.32174	1.74667	0.66489	1.00020	0.00056	1.00020	0.0321
7955	2.93910	2.38120	2.94114	1.24159	1.53845	0.84577	1.00022	0.00058	1.00022	0.0334
8155	2.83401	2.54465	2.83534	1.13579	1.28800	0.95934	1.00023	0.00058	1.00023	0.0335
8355	2.70680	2.69284	2.70710	1.00755	1.01441	1.00034	1.00023	0.00057	1.00023	0.0324
8555	2.56040	2.82210	2.56283	0.86328	0.74276	0.96869	1.00023	0.00053	1.00023	0.0305
8755	2.39758	2.92995	2.39612	0.69657	0.48591	0.85674	1.00022	0.00048	1.00022	0.0278
8955	2.22145	3.01434	2.22299	0.52344	0.27295	0.68798	1.00020	0.00043	1.00020	0.0245
9155	2.03537	3.07365	2.03383	0.33428	0.11211	0.45919	1.00019	0.00036	1.00019	0.0209
9355	1.84289	3.10676	1.84307	0.14353	0.02051	0.20191	1.00016	0.00030	1.00016	0.0171
9555	1.64769	3.11303	1.65071	-0.04884	0.00255	-0.06901	1.00014	0.00023	1.00014	0.0134
9756	1.45349	3.09235	1.45194	-0.24761	0.06104	-0.34476	1.00012	0.00017	1.00012	0.0097
9955	1.26305	3.04479	1.26278	-0.43676	0.19084	-0.58736	1.00010	0.00011	1.00010	0.0064
10155	1.08281	2.97219	1.08164	-0.61790	0.38137	-0.78609	1.00008	0.00006	1.00008	0.0034
10355	0.91340	2.87501	0.91172	-0.78782	0.61970	-0.92570	1.00007	0.00002	1.00007	0.0009
10555	0.75900	2.75542	0.75943	-0.94011	0.88464	-0.99220	1.00005	-0.00002	1.00005	-0.0012
10756	0.62255	2.61569	0.62157	-1.07796	1.16146	-0.98708	1.00005	-0.00005	1.00005	-0.0028
10955	0.50612	2.45766	0.50455	-1.19498	1.42666	-0.90539	1.00004	-0.00007	1.00004	-0.0040
11155	0.41352	2.28683	0.41318	-1.28635	1.65486	-0.75486	1.00003	-0.00009	1.00003	-0.0049
11355	0.34493	2.10396	0.34425	-1.35527	1.83649	-0.54748	1.00003	-0.00009	1.00003	-0.0054
11555	0.30220	1.91339	0.30257	-1.39695	1.95266	-0.29810	1.00002	-0.00010	1.00002	-0.0057
11755	0.28612	1.71876	0.28654	-1.41297	1.99777	-0.02650	1.00001	-0.00010	1.00001	-0.0059
11955	0.29690	1.52474	0.29616	-1.40335	1.96903	0.24595	1.00000	-0.00010	1.00000	-0.0059
12155	0.33444	1.33308	0.33624	-1.36327	1.86163	0.50021	0.99998	-0.00010	0.99998	-0.0060